-9 -3.47677e-05 -0
-8.99998 -4.33643e-05 -0
-8.99993 -4.86276e-05 -0
-8.99987 -5.45198e-05 -0
-8.99979 -5.9884e-05 -0
-8.99968 -6.55171e-05 -0
-8.99955 -7.09349e-05 -0
-8.9994 -7.64982e-05 -0
-8.99923 -8.1944e-05 -0
-8.99904 -8.74817e-05 -0
-8.99883 -9.29453e-05 -0
-8.9986 -9.84734e-05 -0
-8.99835 -0.000103951 -0
-8.99807 -0.000109477 -0
-8.99777 -0.000114966 -0
-8.99746 -0.000120495 -0
-8.99712 -0.000125996 -0
-8.99676 -0.000131529 -0
-8.99638 -0.000137042 -0
-8.99597 -0.000142583 -0
-8.99555 -0.000148108 -0
-8.99511 -0.000153658 -0
-8.99464 -0.000159196 -0
-8.99415 -0.000164757 -0
-8.99364 -0.000170309 -0
-8.99312 -0.000175881 -0
-8.99256 -0.000181448 -0
-8.99199 -0.000187034 -0
-8.9914 -0.000192617 -0
-8.99079 -0.000198218 -0
-8.99015 -0.000203817 -0
-8.9895 -0.000209434 -0
-8.98882 -0.000215051 -0
-8.98812 -0.000220685 -0
-8.9874 -0.000226321 -0
-8.98666 -0.000231974 -0
-8.9859 -0.000237629 -0
-8.98511 -0.000243302 -0
-8.98431 -0.000248979 -0
-8.98348 -0.000254673 -0
-8.98264 -0.000260373 -0
-8.98177 -0.000266089 -0
-8.98088 -0.000271812 -0
-8.97997 -0.000277552 -0
-8.97904 -0.0002833 -0
-8.97809 -0.000289065 -0
-8.97711 -0.000294838 -0
-8.97612 -0.00030063 -0
-8.9751 -0.000306431 -0
-8.97407 -0.00031225 -0
-8.97301 -0.00031808 -0
-8.97193 -0.000323928 -0
-8.97083 -0.000329788 -0
-8.96971 -0.000335667 -0
-8.96857 -0.000341557 -0
-8.9674 -0.000347468 -0
-8.96622 -0.000353391 -0
-8.96501 -0.000359335 -0
-8.96379 -0.000365293 -0
-8.96254 -0.000371271 -0
-8.96127 -0.000377264 -0
-8.95998 -0.000383279 -0
-8.95867 -0.000389309 -0
-8.95734 -0.000395362 -0
-8.95598 -0.000401431 -0
-8.95461 -0.000407523 -0
-8.95321 -0.000413631 -0
-8.9518 -0.000419764 -0
-8.95036 -0.000425915 -0
-8.9489 -0.00043209 -0
-8.94742 -0.000438284 -0
-8.94592 -0.000444503 -0
-8.9444 -0.000450742 -0
-8.94286 -0.000457007 -0
-8.94129 -0.000463293 -0
-8.93971 -0.000469605 -0
-8.9381 -0.00047594 -0
-8.93648 -0.000482302 -0
-8.93483 -0.000488686 -0
-8.93316 -0.000495099 -0
-8.93147 -0.000501536 -0
-8.92976 -0.000508002 -0
-8.92803 -0.000514493 -0
-8.92627 -0.000521014 -0
-8.9245 -0.000527561 -0
-8.9227 -0.00053414 -0
-8.92089 -0.000540744 -0
-8.91905 -0.000547382 -0
-8.91719 -0.000554047 -0
-8.91531 -0.000560745 -0
-8.91341 -0.000567472 -0
-8.91149 -0.000574234 -0
-8.90955 -0.000581026 -0
-8.90759 -0.000587853 -0
-8.9056 -0.000594711 -0
-8.9036 -0.000601607 -0
-8.90157 -0.000608534 -0
-8.89953 -0.000615499 -0
-8.89746 -0.000622498 -0
-8.89537 -0.000629536 -0
-8.89326 -0.000636609 -0
-8.89113 -0.000643723 -0
-8.88898 -0.000650872 -0
-8.88681 -0.000658063 -0
-8.88461 -0.000665292 -0
-8.8824 -0.000672563 -0
-8.88016 -0.000679874 -0
-8.87791 -0.000687229 -0
-8.87563 -0.000694625 -0
-8.87333 -0.000702066 -0
-8.87102 -0.000709549 -0
-8.86868 -0.000717079 -0
-8.86632 -0.000724653 -0
-8.86393 -0.000732276 -0
-8.86153 -0.000739944 -0
-8.85911 -0.000747663 -0
-8.85667 -0.000755428 -0
-8.8542 -0.000763245 -0
-8.85172 -0.000771111 -0
-8.84921 -0.000779031 -0
-8.84668 -0.000787 -0
-8.84414 -0.000795026 -0
-8.84157 -0.000803104 -0
-8.83898 -0.000811239 -0
-8.83637 -0.000819429 -0
-8.83374 -0.000827678 -0
-8.83108 -0.000835983 -0
-8.82841 -0.000844349 -0
-8.82572 -0.000852774 -0
-8.823 -0.000861262 -0
-8.82027 -0.000869811 -0
-8.81751 -0.000878426 -0
-8.81474 -0.000887103 -0
-8.81194 -0.000895848 -0
-8.80912 -0.000904658 -0
-8.80628 -0.000913539 -0
-8.80342 -0.000922487 -0
-8.80054 -0.000931509 -0
-8.79764 -0.0009406 -0
-8.79472 -0.000949767 -0
-8.79178 -0.000959006 -0
-8.78882 -0.000968324 -0
-8.78583 -0.000977717 -0
-8.78283 -0.000987192 -0
-8.7798 -0.000996744 -0
-8.77676 -0.00100638 -0
-8.77369 -0.0010161 -0
-8.77061 -0.0010259 -0
-8.7675 -0.00103579 -0
-8.76437 -0.00104578 -0
-8.76122 -0.00105584 -0
-8.75805 -0.00106601 -0
-8.75486 -0.00107626 -0
-8.75165 -0.00108661 -0
-8.74842 -0.00109706 -0
-8.74517 -0.0011076 -0
-8.7419 -0.00111825 -0
-8.7386 -0.001129 -0
-8.73529 -0.00113986 -0
-8.73196 -0.00115082 -0
-8.7286 -0.00116189 -0
-8.72523 -0.00117307 -0
-8.72183 -0.00118437 -0
-8.71841 -0.00119578 -0
-8.71498 -0.00120731 -0
-8.71152 -0.00121897 -0
-8.70804 -0.00123074 -0
-8.70454 -0.00124264 -0
-8.70103 -0.00125467 -0
-8.69749 -0.00126683 -0
-8.69393 -0.00127912 -0
-8.69035 -0.00129156 -0
-8.68675 -0.00130413 -0
-8.68313 -0.00131684 -0
-8.67948 -0.0013297 -0
-8.67582 -0.00134271 -0
-8.67214 -0.00135587 -0
-8.66844 -0.00136918 -0
-8.66472 -0.00138265 -0
-8.66097 -0.00139629 -0
-8.65721 -0.00141009 -0
-8.65342 -0.00142407 -0
-8.64962 -0.00143821 -0
-8.64579 -0.00145254 -0
-8.64195 -0.00146704 -0
-8.63808 -0.00148174 -0
-8.6342 -0.00149661 -0
-8.63029 -0.00151169 -0
-8.62637 -0.00152697 -0
-8.62242 -0.00154245 -0
-8.61845 -0.00155814 -0
-8.61446 -0.00157404 -0
-8.61046 -0.00159016 -0
-8.60643 -0.00160651 -0
-8.60238 -0.00162309 -0
-8.59831 -0.0016399 -0
-8.59422 -0.00165695 -0
-8.59011 -0.00167426 -0
-8.58599 -0.00169181 -0
-8.58184 -0.00170964 -0
-8.57767 -0.00172772 -0
-8.57348 -0.00174608 -0
-8.56927 -0.00176472 -0
-8.56504 -0.00178366 -0
-8.56079 -0.00180289 -0
-8.55652 -0.00182243 -0
-8.55223 -0.00184227 -0
-8.54792 -0.00186245 -0
-8.54359 -0.00188295 -0
-8.53924 -0.00190379 -0
-8.53486 -0.00192498 -0
-8.53047 -0.00194654 -0
-8.52606 -0.00196846 -0
-8.52163 -0.00199077 -0
-8.51718 -0.00201347 -0
-8.51271 -0.00203658 -0
-8.50822 -0.00206009 -0
-8.50371 -0.00208405 -0
-8.49918 -0.00210844 -0
-8.49462 -0.00213329 -0
-8.49005 -0.00215861 -0
-8.48546 -0.00218441 -0
-8.48085 -0.00221072 -0
-8.47622 -0.00223754 -0
-8.47157 -0.0022649 -0
-8.4669 -0.00229281 -0
-8.46221 -0.00232128 -0
-8.4575 -0.00235036 -0
-8.45277 -0.00238003 -0
-8.44801 -0.00241035 -0
-8.44324 -0.0024413 -0
-8.43845 -0.00247295 -0
-8.43364 -0.00250528 -0
-8.42881 -0.00253835 -0
-8.42396 -0.00257216 -0
-8.41909 -0.00260677 -0
-8.4142 -0.00264217 -0
-8.4093 -0.00267842 -0
-8.40437 -0.00271554 -0
-8.39942 -0.00275358 -0
-8.39445 -0.00279255 -0
-8.38946 -0.00283252 -0
-8.38445 -0.00287349 -0
-8.37942 -0.00291555 -0
-8.37438 -0.0029587 -0
-8.36931 -0.00300303 -0
-8.36422 -0.00304855 -0
-8.35912 -0.00309535 -0
-8.35399 -0.00314345 -0
-8.34884 -0.00319296 -0
-8.34368 -0.00324388 -0
-8.33849 -0.00329635 -0
-8.33329 -0.00335037 -0
-8.32806 -0.00340609 -0
-8.32282 -0.00346352 -0
-8.31755 -0.00352282 -0
-8.31227 -0.00358402 -0
-8.30697 -0.00364729 -0
-8.30165 -0.00371266 -0
-8.2963 -0.00378034 -0
-8.29094 -0.00385035 -0
-8.28556 -0.00392295 -0
-8.28016 -0.00399816 -0
-8.27474 -0.00407626 -0
-8.2693 -0.0041573 -0
-8.26384 -0.00424161 -0
-8.25837 -0.00432924 -0
-8.25287 -0.00442058 -0
-8.24735 -0.0045157 -0
-8.24181 -0.00461504 -0
-8.23626 -0.00471871 -0
-8.23068 -0.00482724 -0
-8.22509 -0.00494077 -0
-8.21947 -0.00505992 -0
-8.21384 -0.00518488 -0
-8.20819 -0.00531641 -0
-8.20252 -0.00545477 -0
-8.19682 -0.00560087 -0
-8.19111 -0.00575507 -0
-8.18538 -0.00591851 -0
-8.17963 -0.00609167 -0
-8.17387 -0.00627599 -0
-8.16808 -0.00647214 -0
-8.16227 -0.00668198 -0
-8.15645 -0.00690643 -0
-8.1506 -0.00714795 -0
-8.14474 -0.00740788 -0
-8.13885 -0.00768953 -0
-8.13295 -0.00799488 -0
-8.12703 -0.0083285 -0
-8.12109 -0.0086935 -0
-8.11513 -0.00909634 -0
-8.10915 -0.00954208 -0
-8.10315 -0.0100403 -0
-8.09713 -0.0105996 -0
-8.0911 -0.0112349 -0
-8.08504 -0.0119618 -0
-8.07897 -0.0128051 -0
-8.07287 -0.0137957 -0
-8.06676 -0.0149784 -0
-8.06063 -0.0164218 -0
-8.05448 -0.0182171 -0
-8.04831 -0.020545 -0
-8.04212 -0.0236297 -0
-8.03591 -0.0280896 -0
-8.02969 -0.0346956 -0
-8.02344 -0.0469207 -0
-8.01718 -0.070202 -0
-8.01089 -0.18059 -0
-8.00459 -1.11536 -0
-7.99827 -2.85944 -0
-7.99193 -3.60897 -0
-7.98558 -4.03729 -0
-7.9792 -4.11005 -0
-7.9728 -4.13307 -0
-7.96639 -4.14602 -0
-7.95995 -4.15425 -0
-7.9535 -4.16042 -0
-7.94703 -4.16527 -0
-7.94054 -4.16942 -0
-7.93404 -4.17304 -0
-7.92751 -4.17642 -0
-7.92096 -4.17958 -0
-7.9144 -4.18271 -0
-7.90782 -4.1858 -0
-7.90122 -4.18903 -0
-7.8946 -4.19234 -0
-7.88796 -4.196 -0
-7.8813 -4.19989 -0
-7.87462 -4.20439 -0
-7.86793 -4.20936 -0
-7.86122 -4.21545 -0
-7.85449 -4.22245 -0
-7.84774 -4.23164 -0
-7.84097 -4.24275 -0
-7.83418 -4.25899 -0
-7.82738 -4.28013 -0
-7.82055 -4.31805 -0
-7.81371 -4.37488 -0
-7.80685 -4.56528 -0
-7.79997 -4.96004 -0
-7.79308 -5.23724 -0
-7.78616 -6.16997 -0
-7.77923 -7.25422 -0
-7.77228 -7.63916 -0
-7.76531 -7.74768 -0
-7.75832 -7.80913 -0
-7.75131 -7.84731 -0
-7.74429 -7.8755 -0
-7.73724 -7.89694 -0
-7.73018 -7.9147 -0
-7.7231 -7.92965 -0
-7.71601 -7.94292 -0
-7.70889 -7.95487 -0
-7.70176 -7.96602 -0
-7.6946 -7.97663 -0
-7.68743 -7.98695 -0
-7.68025 -7.9973 -0
-7.67304 -8.00778 -0
-7.66582 -8.01887 -0
-7.65857 -8.03062 -0
-7.65131 -8.0439 -0
-7.64403 -8.05879 -0
-7.63674 -8.07717 -0
-7.62942 -8.09965 -0
-7.62209 -8.13163 -0
-7.61474 -8.17865 -0
-7.60737 -8.26873 -0
-7.59999 -8.57826 -0
-7.59258 -9.64854 -0
-7.58516 -10.9368 -0
-7.57772 -10.7428 -0
-7.57026 -11.0771 -0
-7.56279 -11.2403 -0
-7.5553 -11.309 -0
-7.54778 -11.3466 -0
-7.54026 -11.3733 -0
-7.53271 -11.3918 -0
-7.52515 -11.4074 -0
-7.51756 -11.4197 -0
-7.50996 -11.4312 -0
-7.50235 -11.4411 -0
-7.49471 -11.4511 -0
-7.48706 -11.4602 -0
-7.47939 -11.47 -0
-7.4717 -11.4795 -0
-7.464 -11.4905 -0
-7.45627 -11.5018 -0
-7.44853 -11.5159 -0
-7.44078 -11.5313 -0
-7.433 -11.5528 -0
-7.42521 -11.5783 -0
-7.4174 -11.6223 -0
-7.40957 -11.6815 -0
-7.40172 -11.8746 -0
-7.39386 -11.6895 -0
-7.38598 -10.94 -0
-7.37808 -12.6034 -0
-7.37017 -14.3336 -0
-7.36224 -14.7773 -0
-7.35429 -14.8836 -0
-7.34632 -14.9498 -0
-7.33834 -14.9872 -0
-7.33033 -15.0161 -0
-7.32232 -15.0372 -0
-7.31428 -15.0553 -0
-7.30623 -15.0705 -0
-7.29816 -15.0843 -0
-7.29007 -15.0972 -0
-7.28196 -15.1095 -0
-7.27384 -15.1222 -0
-7.2657 -15.1349 -0
-7.25755 -15.1494 -0
-7.24937 -15.1644 -0
-7.24118 -15.184 -0
-7.23298 -15.2055 -0
-7.22475 -15.2391 -0
-7.21651 -15.2797 -0
-7.20825 -15.3699 -0
-7.19998 -15.5526 -0
-7.19169 -15.5228 -0
-7.18338 -16.0014 -0
-7.17505 -17.4629 -0
-7.16671 -18.5625 -0
-7.15835 -18.8694 -0
-7.14997 -18.9936 -0
-7.14158 -19.0607 -0
-7.13317 -19.1095 -0
-7.12474 -19.1428 -0
-7.1163 -19.1719 -0
-7.10784 -19.1945 -0
-7.09936 -19.2164 -0
-7.09087 -19.2349 -0
-7.08236 -19.2544 -0
-7.07383 -19.272 -0
-7.06529 -19.2921 -0
-7.05673 -19.3115 -0
-7.04815 -19.3363 -0
-7.03956 -19.3616 -0
-7.03095 -19.4006 -0
-7.02232 -19.4431 -0
-7.01368 -19.5403 -0
-7.00502 -19.6881 -0
-6.99634 -20.7094 -0
-6.98765 -23.0507 -0
-6.97894 -22.5878 -0
-6.97021 -23.3672 -0
-6.96147 -23.713 -0
-6.95271 -23.8326 -0
-6.94394 -23.9024 -0
-6.93515 -23.948 -0
-6.92634 -23.9828 -0
-6.91752 -24.0105 -0
-6.90868 -24.0354 -0
-6.89982 -24.057 -0
-6.89095 -24.0791 -0
-6.88206 -24.0994 -0
-6.87315 -24.123 -0
-6.86423 -24.1451 -0
-6.8553 -24.1756 -0
-6.84634 -24.204 -0
-6.83737 -24.2549 -0
-6.82839 -24.2993 -0
-6.81939 -24.4431 -0
-6.81037 -24.422 -0
-6.80134 -21.2315 -0
-6.79229 -19.8845 -0
-6.78322 -25.2874 -0
-6.77414 -27.3722 -0
-6.76504 -27.6408 -0
-6.75593 -27.7752 -0
-6.7468 -27.8363 -0
-6.73765 -27.8894 -0
-6.72849 -27.9209 -0
-6.71932 -27.9543 -0
-6.71012 -27.9772 -0
-6.70091 -28.0053 -0
-6.69169 -28.0262 -0
-6.68245 -28.0558 -0
-6.67319 -28.0791 -0
-6.66392 -28.1185 -0
-6.65464 -28.1493 -0
-6.64533 -28.2211 -0
-6.63601 -28.2697 -0
-6.62668 -28.5249 -0
-6.61733 -28.4164 -0
-6.60797 -27.3325 -0
-6.59858 -27.7822 -0
-6.58919 -30.1121 -0
-6.57978 -31.2075 -0
-6.57035 -31.4438 -0
-6.56091 -31.5828 -0
-6.55145 -31.6515 -0
-6.54197 -31.708 -0
-6.53249 -31.7447 -0
-6.52298 -31.7784 -0
-6.51346 -31.8047 -0
-6.50393 -31.8299 -0
-6.49438 -31.8533 -0
-6.48481 -31.8759 -0
-6.47523 -31.9019 -0
-6.46563 -31.926 -0
-6.45602 -31.9662 -0
-6.4464 -31.9934 -0
-6.43675 -32.136 -0
-6.4271 -31.4443 -0
-6.41743 -30.203 -0
-6.40774 -32.4892 -0
-6.39804 -35.2081 -0
-6.38832 -35.8269 -0
-6.37859 -35.9448 -0
-6.36884 -36.0379 -0
-6.35908 -36.0825 -0
-6.3493 -36.1268 -0
-6.33951 -36.1567 -0
-6.3297 -36.1899 -0
-6.31988 -36.2173 -0
-6.31004 -36.2509 -0
-6.30019 -36.2828 -0
-6.29033 -36.3271 -0
-6.28044 -36.3745 -0
-6.27055 -36.4567 -0
-6.26064 -36.553 -0
-6.25071 -36.9137 -0
-6.24077 -36.1238 -0
-6.23082 -34.9189 -0
-6.22085 -36.0809 -0
-6.21086 -38.3754 -0
-6.20086 -39.1131 -0
-6.19085 -39.3471 -0
-6.18082 -39.481 -0
-6.17078 -39.5658 -0
-6.16072 -39.627 -0
-6.15065 -39.6761 -0
-6.14057 -39.7151 -0
-6.13046 -39.7521 -0
-6.12035 -39.7822 -0
-6.11022 -39.8166 -0
-6.10008 -39.8425 -0
-6.08992 -39.8838 -0
-6.07975 -39.8964 -0
-6.06956 -39.9858 -0
-6.05936 -38.203 -0
-6.04914 -34.6072 -0
-6.03891 -39.0803 -0
-6.02867 -43.4511 -0
-6.01841 -44.1496 -0
-6.00814 -44.2671 -0
-5.99785 -44.3711 -0
-5.98755 -44.4127 -0
-5.97724 -44.4642 -0
-5.96691 -44.4906 -0
-5.95657 -44.5319 -0
-5.94621 -44.554 -0
-5.93584 -44.5998 -0
-5.92546 -44.6199 -0
-5.91506 -44.6912 -0
-5.90465 -44.6953 -0
-5.89422 -44.8997 -0
-5.88378 -44.7797 -0
-5.87333 -46.6114 -0
-5.86286 -46.674 -0
-5.85238 -45.7902 -0
-5.84188 -47.1137 -0
-5.83137 -47.3406 -0
-5.82085 -47.5269 -0
-5.81031 -47.5851 -0
-5.79976 -47.6611 -0
-5.7892 -47.6916 -0
-5.77862 -47.7426 -0
-5.76803 -47.7643 -0
-5.75743 -47.8138 -0
-5.74681 -47.83 -0
-5.73618 -47.9014 -0
-5.72553 -47.8874 -0
-5.71487 -48.1025 -0
-5.7042 -46.8309 -0
-5.69352 -45.989 -0
-5.68282 -46.3025 -0
-5.67211 -48.4688 -0
-5.66138 -49.4095 -0
-5.65064 -49.6399 -0
-5.63989 -49.7852 -0
-5.62912 -49.8624 -0
-5.61834 -49.923 -0
-5.60755 -49.9713 -0
-5.59675 -50.0075 -0
-5.58593 -50.0519 -0
-5.5751 -50.0743 -0
-5.56425 -50.1345 -0
-5.5534 -50.1183 -0
-5.54252 -50.2812 -0
-5.53164 -49.1854 -0
-5.52074 -46.9796 -0
-5.50983 -50.0905 -0
-5.49891 -54.3158 -0
-5.48798 -55.5934 -0
-5.47703 -55.7788 -0
-5.46607 -55.9526 -0
-5.45509 -56.0031 -0
-5.4441 -56.0746 -0
-5.4331 -56.0992 -0
-5.42209 -56.1454 -0
-5.41107 -56.1578 -0
-5.40003 -56.1982 -0
-5.38898 -56.1875 -0
-5.37791 -56.2314 -0
-5.36684 -55.9483 -0
-5.35575 -51.6616 -0
-5.34465 -48.698 -0
-5.33353 -57.4457 -0
-5.32241 -62.129 -0
-5.31127 -62.5077 -0
-5.30011 -62.7107 -0
-5.28895 -62.7818 -0
-5.27777 -62.8566 -0
-5.26658 -62.8924 -0
-5.25538 -62.9441 -0
-5.24417 -62.9707 -0
-5.23294 -63.0245 -0
-5.2217 -63.0417 -0
-5.21045 -63.1208 -0
-5.19919 -63.0337 -0
-5.18792 -62.2285 -0
-5.17663 -63.2955 -0
-5.16533 -61.739 -0
-5.15402 -63.979 -0
-5.14269 -64.4721 -0
-5.13136 -64.7287 -0
-5.12001 -64.81 -0
-5.10865 -64.9035 -0
-5.09728 -64.9274 -0
-5.08589 -64.9878 -0
-5.0745 -64.9779 -0
-5.06309 -65.0401 -0
-5.05167 -64.9348 -0
-5.04024 -65.0766 -0
-5.02879 -62.5964 -0
-5.01734 -53.4661 -0
-5.00587 -56.373 -0
-4.99439 -66.3473 -0
-4.9829 -68.0462 -0
-4.9714 -68.1601 -0
-4.95988 -68.3127 -0
-4.94836 -68.3508 -0
-4.93682 -68.3946 -0
-4.92527 -68.4229 -0
-4.91371 -68.4241 -0
-4.90214 -68.4607 -0
-4.89055 -68.3678 -0
-4.87896 -68.4758 -0
-4.86735 -66.5955 -0
-4.85573 -60.4231 -0
-4.8441 -61.7714 -0
-4.83246 -68.8505 -0
-4.82081 -70.9812 -0
-4.80915 -71.0857 -0
-4.79747 -71.308 -0
-4.78578 -71.3412 -0
-4.77409 -71.4307 -0
-4.76238 -71.4467 -0
-4.75066 -71.5036 -0
-4.73893 -71.4946 -0
-4.72718 -71.5161 -0
-4.71543 -71.2114 -0
-4.70366 -64.2215 -0
-4.69189 -54.0028 -0
-4.6801 -65.1685 -0
-4.6683 -72.7759 -0
-4.65649 -73.5452 -0
-4.64467 -73.762 -0
-4.63284 -73.8855 -0
-4.621 -73.9488 -0
-4.60915 -74.0054 -0
-4.59729 -74.0251 -0
-4.58541 -74.0627 -0
-4.57353 -73.9961 -0
-4.56163 -73.9721 -0
-4.54973 -70.7792 -0
-4.53781 -68.7704 -0
-4.52588 -73.0527 -0
-4.51394 -79.026 -0
-4.50199 -80.13 -0
-4.49003 -80.4024 -0
-4.47806 -80.5576 -0
-4.46608 -80.656 -0
-4.45409 -80.7037 -0
-4.44209 -80.7736 -0
-4.43008 -80.7407 -0
-4.41805 -80.8174 -0
-4.40602 -80.1356 -0
-4.39398 -75.1569 -0
-4.38192 -72.8016 -0
-4.36986 -78.7768 -0
-4.35778 -83.8866 -0
-4.3457 -84.2667 -0
-4.33361 -84.5992 -0
-4.3215 -84.6623 -0
-4.30938 -84.7815 -0
-4.29726 -84.7894 -0
-4.28512 -84.8569 -0
-4.27298 -84.7504 -0
-4.26082 -84.66 -0
-4.24866 -77.6677 -0
-4.23648 -67.386 -0
-4.2243 -76.3188 -0
-4.2121 -85.9653 -0
-4.19989 -87.3876 -0
-4.18768 -87.7195 -0
-4.17545 -87.956 -0
-4.16322 -88.0607 -0
-4.15097 -88.1811 -0
-4.13872 -88.2054 -0
-4.12646 -88.2787 -0
-4.11418 -87.8222 -0
-4.1019 -82.1662 -0
-4.0896 -78.1415 -0
-4.0773 -83.7676 -0
-4.06499 -89.1335 -0
-4.05267 -89.9166 -0
-4.04033 -90.1699 -0
-4.02799 -90.3221 -0
-4.01564 -90.3369 -0
-4.00328 -90.4219 -0
-3.99091 -90.2279 -0
-3.97853 -90.3185 -0
-3.96615 -87.9845 -0
-3.95375 -88.7336 -0
-3.94134 -91.4788 -0
-3.92893 -94.9066 -0
-3.9165 -97.6308 -0
-3.90407 -97.6308 -0
-3.89162 -98.0261 -0
-3.87917 -97.9349 -0
-3.86671 -98.1514 -0
-3.85423 -97.849 -0
-3.84175 -98.1895 -0
-3.82927 -93.7774 -0
-3.81677 -81.9591 -0
-3.80426 -83.6219 -0
-3.79174 -95.9615 -0
-3.77922 -99.4128 -0
-3.76668 -99.5734 -0
-3.75414 -99.9694 -0
-3.74159 -99.964 -0
-3.72903 -100.104 -0
-3.71646 -99.9045 -0
-3.70388 -99.6089 -0
-3.69129 -87.8723 -0
-3.6787 -72.6254 -0
-3.66609 -84.9365 -0
-3.65348 -97.5037 -0
-3.64086 -98.5015 -0
-3.62823 -98.8454 -0
-3.61559 -98.8886 -0
-3.60294 -99.0017 -0
-3.59029 -98.7428 -0
-3.57763 -98.7724 -0
-3.56495 -93.9233 -0
-3.55227 -90.2333 -0
-3.53958 -96.7666 -0
-3.52689 -107.175 -0
-3.51418 -109.36 -0
-3.50147 -109.427 -0
-3.48874 -109.668 -0
-3.47601 -109.546 -0
-3.46327 -109.452 -0
-3.45053 -108.552 -0
-3.43777 -103.253 -0
-3.42501 -102.796 -0
-3.41224 -109.339 -0
-3.39946 -117.083 -0
-3.38667 -118.591 -0
-3.37388 -118.821 -0
-3.36107 -119.169 -0
-3.34826 -118.856 -0
-3.33544 -119.158 -0
-3.32262 -111.101 -0
-3.30978 -90.584 -0
-3.29694 -97.5675 -0
-3.28409 -114.968 -0
-3.27123 -118.884 -0
-3.25837 -118.727 -0
-3.24549 -119.223 -0
-3.23261 -118.675 -0
-3.21973 -118.787 -0
-3.20683 -107.637 -0
-3.19393 -96.2602 -0
-3.18102 -110.808 -0
-3.1681 -130.757 -0
-3.15517 -132.526 -0
-3.14224 -133.015 -0
-3.1293 -132.72 -0
-3.11635 -133.034 -0
-3.10339 -125.315 -0
-3.09043 -99.7316 -0
-3.07746 -102.23 -0
-3.06448 -132.724 -0
-3.0515 -140.951 -0
-3.03851 -140.647 -0
-3.02551 -141.206 -0
-3.0125 -139.423 -0
-2.99949 -129.058 -0
-2.98647 -120.743 -0
-2.97344 -119.245 -0
-2.96041 -134.73 -0
-2.94737 -139.856 -0
-2.93432 -139.653 -0
-2.92126 -137.719 -0
-2.9082 -120.065 -0
-2.89513 -113.495 -0
-2.88206 -126.029 -0
-2.86898 -142.842 -0
-2.85589 -165.604 -0
-2.84279 -140.009 -0
-2.82969 -89.1248 -0
-2.81658 14.3366 -0
-2.80346 50.6416 -0
-2.79034 -44.6981 -0
-2.77721 -177.978 -0
-2.76408 -178.664 -0
-2.75094 -70.8878 -0
-2.73779 -43.0994 -0
-2.72463 -82.6081 -0
-2.71147 -105.914 -0
-2.6983 -17.4299 -0
-2.68513 38.2324 -0
-2.67195 52.5657 -0
-2.65876 53.1583 -0
-2.64557 53.3783 -0
-2.63237 51.7117 -0
-2.61917 34.0876 -0
-2.60596 3.26579 -0
-2.59274 -15.8569 -0
-2.57951 12.3959 -0
-2.56628 37.4611 -0
-2.55305 36.446 -0
-2.53981 35.936 -0
-2.52656 35.9846 -0
-2.51331 36.0324 -0
-2.50005 36.0555 -0
-2.48678 36.0654 -0
-2.47351 36.0825 -0
-2.46023 36.0834 -0
-2.44695 36.1066 -0
-2.43366 36.086 -0
-2.42037 36.1514 -0
-2.40707 30.1106 -0
-2.39376 -1.68658 -0
-2.38045 -1.56282 -0
-2.36713 24.9007 -0
-2.35381 28.0681 -0
-2.34048 27.9833 -0
-2.32715 27.9997 -0
-2.31381 27.9956 -0
-2.30047 28.0023 -0
-2.28712 28.0029 -0
-2.27376 28.0065 -0
-2.2604 28.0081 -0
-2.24703 28.0102 -0
-2.23366 28.0127 -0
-2.22029 28.0137 -0
-2.2069 28.0184 -0
-2.19352 28.0173 -0
-2.18012 28.0313 -0
-2.16673 28.0182 -0
-2.15333 28.1504 -0
-2.13992 24.8949 -0
-2.12651 14.891 -0
-2.11309 17.411 -0
-2.09967 19.1789 -0
-2.08624 18.8116 -0
-2.07281 18.7481 -0
-2.05937 18.728 -0
-2.04593 18.7162 -0
-2.03248 18.712 -0
-2.01903 18.7082 -0
-2.00557 18.7073 -0
-1.99211 18.7062 -0
-1.97865 18.7066 -0
-1.96518 18.7068 -0
-1.9517 18.7082 -0
-1.93822 18.7094 -0
-1.92474 18.7119 -0
-1.91125 18.7144 -0
-1.89775 18.7186 -0
-1.88426 18.7235 -0
-1.87076 18.7313 -0
-1.85725 18.7416 -0
-1.84374 18.7592 -0
-1.83022 18.7893 -0
-1.8167 18.8531 -0
-1.80318 19.1729 -0
-1.78965 20.1161 -0
-1.77612 20.3045 -0
-1.76258 14.3251 -0
-1.74904 11.9024 -0
-1.7355 11.6714 -0
-1.72195 11.6438 -0
-1.7084 11.633 -0
-1.69484 11.6312 -0
-1.68128 11.6308 -0
-1.66771 11.6318 -0
-1.65414 11.6329 -0
-1.64057 11.6344 -0
-1.627 11.6357 -0
-1.61342 11.6371 -0
-1.59983 11.6384 -0
-1.58624 11.6397 -0
-1.57265 11.641 -0
-1.55906 11.6423 -0
-1.54546 11.6435 -0
-1.53186 11.6448 -0
-1.51825 11.6461 -0
-1.50464 11.6474 -0
-1.49103 11.6487 -0
-1.47741 11.6502 -0
-1.46379 11.6518 -0
-1.45017 11.6535 -0
-1.43654 11.6554 -0
-1.42291 11.6578 -0
-1.40927 11.6604 -0
-1.39564 11.6639 -0
-1.382 11.668 -0
-1.36835 11.6747 -0
-1.35471 11.6831 -0
-1.34106 11.7016 -0
-1.3274 11.7284 -0
-1.31375 11.8888 -0
-1.30009 9.10951 -0
-1.28642 0.666415 -0
-1.27276 2.88278 -0
-1.25909 4.20098 -0
-1.24542 3.94829 -0
-1.23174 3.8966 -0
-1.21807 3.87364 -0
-1.20439 3.86321 -0
-1.1907 3.85682 -0
-1.17702 3.85299 -0
-1.16333 3.85029 -0
-1.14964 3.84843 -0
-1.13594 3.847 -0
-1.12225 3.84594 -0
-1.10855 3.84508 -0
-1.09484 3.8444 -0
-1.08114 3.84383 -0
-1.06743 3.84336 -0
-1.05372 3.84296 -0
-1.04001 3.84263 -0
-1.0263 3.84233 -0
-1.01258 3.84208 -0
-0.99886 3.84185 -0
-0.985139 3.84166 -0
-0.971415 3.84148 -0
-0.957688 3.84133 -0
-0.94396 3.84119 -0
-0.930229 3.84107 -0
-0.916496 3.84095 -0
-0.902761 3.84085 -0
-0.889024 3.84076 -0
-0.875284 3.84068 -0
-0.861543 3.84061 -0
-0.847799 3.84054 -0
-0.834054 3.84048 -0
-0.820307 3.84043 -0
-0.806557 3.84038 -0
-0.792806 3.84034 -0
-0.779053 3.8403 -0
-0.765298 3.84026 -0
-0.751541 3.84023 -0
-0.737783 3.84021 -0
-0.724023 3.84019 -0
-0.710261 3.84017 -0
-0.696497 3.84015 -0
-0.682732 3.84014 -0
-0.668965 3.84014 -0
-0.655197 3.84013 -0
-0.641427 3.84013 -0
-0.627655 3.84013 -0
-0.613882 3.84014 -0
-0.600108 3.84015 -0
-0.586332 3.84016 -0
-0.572555 3.84018 -0
-0.558776 3.8402 -0
-0.544997 3.84022 -0
-0.531215 3.84025 -0
-0.517433 3.84028 -0
-0.503649 3.84031 -0
-0.489865 3.84035 -0
-0.476079 3.8404 -0
-0.462292 3.84045 -0
-0.448504 3.8405 -0
-0.434714 3.84056 -0
-0.420924 3.84063 -0
-0.407133 3.84071 -0
-0.393341 3.84079 -0
-0.379548 3.84088 -0
-0.365754 3.84097 -0
-0.351959 3.84108 -0
-0.338163 3.8412 -0
-0.324367 3.84133 -0
-0.310569 3.84148 -0
-0.296771 3.84164 -0
-0.282973 3.84182 -0
-0.269173 3.84202 -0
-0.255374 3.84225 -0
-0.241573 3.8425 -0
-0.227772 3.84279 -0
-0.21397 3.84311 -0
-0.200168 3.84349 -0
-0.186365 3.84391 -0
-0.172562 3.84442 -0
-0.158759 3.84499 -0
-0.144955 3.8457 -0
-0.131151 3.8465 -0
-0.117346 3.84753 -0
-0.103541 3.84866 -0
-0.0897364 3.85019 -0
-0.0759311 3.85153 -0
-0.0621257 3.85332 -0
-0.0483202 3.84945 -0
-0.0345145 3.8315 -0
-0.0207087 2.99581 -0
-0.00690291 0.392002 -0
0.00690291 -2.73094 -0
0.0207087 -3.85483 -0
0.0345145 -3.88827 -0
0.0483202 -3.89015 -0
0.0621257 -3.88878 -0
0.0759311 -3.88681 -0
0.0897364 -3.88514 -0
0.103541 -3.88367 -0
0.117346 -3.88246 -0
0.131151 -3.88141 -0
0.144955 -3.88053 -0
0.158759 -3.87976 -0
0.172562 -3.8791 -0
0.186365 -3.87851 -0
0.200168 -3.87798 -0
0.21397 -3.87751 -0
0.227772 -3.87709 -0
0.241573 -3.8767 -0
0.255374 -3.87635 -0
0.269173 -3.87603 -0
0.282973 -3.87573 -0
0.296771 -3.87545 -0
0.310569 -3.87518 -0
0.324367 -3.87494 -0
0.338163 -3.87471 -0
0.351959 -3.87449 -0
0.365754 -3.87428 -0
0.379548 -3.87408 -0
0.393341 -3.87389 -0
0.407133 -3.8737 -0
0.420924 -3.87353 -0
0.434714 -3.87335 -0
0.448504 -3.87319 -0
0.462292 -3.87303 -0
0.476079 -3.87287 -0
0.489865 -3.87272 -0
0.503649 -3.87256 -0
0.517433 -3.87242 -0
0.531215 -3.87227 -0
0.544997 -3.87213 -0
0.558776 -3.87198 -0
0.572555 -3.87184 -0
0.586332 -3.8717 -0
0.600108 -3.87156 -0
0.613882 -3.87142 -0
0.627655 -3.87128 -0
0.641427 -3.87113 -0
0.655197 -3.87099 -0
0.668965 -3.87085 -0
0.682732 -3.8707 -0
0.696497 -3.87055 -0
0.710261 -3.8704 -0
0.724023 -3.87025 -0
0.737783 -3.87009 -0
0.751541 -3.86994 -0
0.765298 -3.86977 -0
0.779053 -3.8696 -0
0.792806 -3.86943 -0
0.806557 -3.86926 -0
0.820307 -3.86907 -0
0.834054 -3.86888 -0
0.847799 -3.86868 -0
0.861543 -3.86848 -0
0.875284 -3.86826 -0
0.889024 -3.86804 -0
0.902761 -3.8678 -0
0.916496 -3.86756 -0
0.930229 -3.8673 -0
0.94396 -3.86702 -0
0.957688 -3.86673 -0
0.971415 -3.86642 -0
0.985139 -3.86609 -0
0.99886 -3.86573 -0
1.01258 -3.86535 -0
1.0263 -3.86495 -0
1.04001 -3.86451 -0
1.05372 -3.86404 -0
1.06743 -3.86353 -0
1.08114 -3.86298 -0
1.09484 -3.86239 -0
1.10855 -3.86175 -0
1.12225 -3.86109 -0
1.13594 -3.8604 -0
1.14964 -3.85976 -0
1.16333 -3.8592 -0
1.17702 -3.85904 -0
1.1907 -3.85965 -0
1.20439 -3.86269 -0
1.21807 -3.87182 -0
1.23174 -3.90494 -0
1.24542 -4.03972 -0
1.25909 -0.147138 -0
1.27276 6.54593 -0
1.28642 -7.47821 -0
1.30009 -12.4129 -0
1.31375 -12.2312 -0
1.3274 -12.1865 -0
1.34106 -12.1591 -0
1.35471 -12.1445 -0
1.36835 -12.1339 -0
1.382 -12.1268 -0
1.39564 -12.1212 -0
1.40927 -12.117 -0
1.42291 -12.1134 -0
1.43654 -12.1106 -0
1.45017 -12.1081 -0
1.46379 -12.106 -0
1.47741 -12.1042 -0
1.49103 -12.1026 -0
1.50464 -12.1011 -0
1.51825 -12.0998 -0
1.53186 -12.0986 -0
1.54546 -12.0975 -0
1.55906 -12.0964 -0
1.57265 -12.0955 -0
1.58624 -12.0946 -0
1.59983 -12.0938 -0
1.61342 -12.0931 -0
1.627 -12.0925 -0
1.64057 -12.0921 -0
1.65414 -12.0919 -0
1.66771 -12.0923 -0
1.68128 -12.0936 -0
1.69484 -12.0972 -0
1.7084 -12.1059 -0
1.72195 -12.1319 -0
1.7355 -12.2969 -0
1.74904 -19.3236 -0
1.76258 -39.8791 -0
1.77612 -27.3563 -0
1.78965 -19.1294 -0
1.80318 -18.8366 -0
1.8167 -18.8058 -0
1.83022 -18.7919 -0
1.84374 -18.7824 -0
1.85725 -18.7774 -0
1.87076 -18.7729 -0
1.88426 -18.7702 -0
1.89775 -18.7674 -0
1.91125 -18.7658 -0
1.92474 -18.7637 -0
1.93822 -18.7626 -0
1.9517 -18.7609 -0
1.96518 -18.7602 -0
1.97865 -18.7587 -0
1.99211 -18.7585 -0
2.00557 -18.7572 -0
2.01903 -18.7581 -0
2.03248 -18.7571 -0
2.04593 -18.7623 -0
2.05937 -18.7651 -0
2.07281 -18.8018 -0
2.08624 -18.8705 -0
2.09967 -19.0509 -0
2.11309 -24.0627 -0
2.12651 -27.0302 -0
2.13992 -27.2716 -0
2.15333 -27.1927 -0
2.16673 -27.2165 -0
2.18012 -27.2115 -0
2.19352 -27.2169 -0
2.2069 -27.2166 -0
2.22029 -27.219 -0
2.23366 -27.2202 -0
2.24703 -27.2217 -0
2.2604 -27.2243 -0
2.27376 -27.2254 -0
2.28712 -27.2309 -0
2.30047 -27.2324 -0
2.31381 -27.2486 -0
2.32715 -27.255 -0
2.34048 -27.35 -0
2.35381 -20.2319 -0
2.36713 6.38273 -0
2.38045 -21.8622 -0
2.39376 -36.4631 -0
2.40707 -34.3203 -0
2.42037 -34.0538 -0
2.43366 -34.0466 -0
2.44695 -34.0028 -0
2.46023 -33.9923 -0
2.47351 -33.9681 -0
2.48678 -33.955 -0
2.50005 -33.9312 -0
2.51331 -33.8908 -0
2.52656 -33.8857 -0
2.53981 -33.8587 -0
2.55305 -29.0834 -0
2.56628 -15.4338 -0
2.57951 -5.39245 -0
2.59274 -1.53498 -0
2.60596 -31.2598 -0
2.61917 -48.0962 -0
2.63237 -49.6311 -0
2.64557 -49.4387 -0
2.65876 -48.8798 -0
2.67195 -37.4415 -0
2.68513 11.2872 -0
2.6983 105.1 -0
2.71147 94.2809 -0
2.72463 107.734 -0
2.73779 101.323 -0
2.75094 174.955 -0
2.76408 168.687 -0
2.77721 36.3633 -0
2.79034 -81.0289 -0
2.80346 -42.5109 -0
2.81658 79.1654 -0
2.82969 140.184 -0
2.84279 165.369 -0
2.85589 143.689 -0
2.86898 121.919 -0
2.88206 118.028 -0
2.89513 126.839 -0
2.9082 138.215 -0
2.92126 139.962 -0
2.93432 140.159 -0
2.94737 135.146 -0
2.96041 112.459 -0
2.97344 91.2817 -0
2.98647 113.491 -0
2.99949 132.439 -0
3.0125 134.473 -0
3.02551 134.027 -0
3.03851 134.387 -0
3.0515 127.256 -0
3.06448 98.9564 -0
3.07746 92.6038 -0
3.09043 118.006 -0
3.10339 125.869 -0
3.11635 125.583 -0
3.1293 125.836 -0
3.14224 125.309 -0
3.15517 123.653 -0
3.1681 111.662 -0
3.18102 108.95 -0
3.19393 112.479 -0
3.20683 120.937 -0
3.21973 120.601 -0
3.23261 121.085 -0
3.24549 120.507 -0
3.25837 120.626 -0
3.27123 116.925 -0
3.28409 110.181 -0
3.29694 107.183 -0
3.30978 107.92 -0
3.32262 112.597 -0
3.33544 112.467 -0
3.34826 112.83 -0
3.36107 112.571 -0
3.37388 112.415 -0
3.38667 111.034 -0
3.39946 98.1451 -0
3.41224 80.1713 -0
3.42501 97.8742 -0
3.43777 110.64 -0
3.45053 111.481 -0
3.46327 111.517 -0
3.47601 111.606 -0
3.48874 111.333 -0
3.50147 111.252 -0
3.51418 108.998 -0
3.52689 100.493 -0
3.53958 97.908 -0
3.55227 101.664 -0
3.56495 106.779 -0
3.57763 106.698 -0
3.59029 106.946 -0
3.60294 106.781 -0
3.61559 106.695 -0
3.62823 106.264 -0
3.64086 105.188 -0
3.65348 95.2633 -0
3.66609 88.4588 -0
3.6787 93.7846 -0
3.69129 101.506 -0
3.70388 101.79 -0
3.71646 102.05 -0
3.72903 101.959 -0
3.74159 102.023 -0
3.75414 101.68 -0
3.76668 101.624 -0
3.77922 98.2793 -0
3.79174 86.6227 -0
3.80426 83.1447 -0
3.81677 90.8148 -0
3.82927 94.4954 -0
3.84175 94.1845 -0
3.85423 94.4648 -0
3.86671 94.2495 -0
3.87917 94.3242 -0
3.89162 93.9263 -0
3.90407 93.8852 -0
3.9165 91.2057 -0
3.92893 90.7151 -0
3.94134 90.8112 -0
3.95375 88.2138 -0
3.96615 90.3098 -0
3.97853 90.1414 -0
3.99091 90.2932 -0
4.00328 90.163 -0
4.01564 90.1057 -0
4.02799 89.8975 -0
4.04033 89.576 -0
4.05267 88.5718 -0
4.06499 80.467 -0
4.0773 68.1657 -0
4.0896 78.9444 -0
4.1019 88.474 -0
4.11418 89.0234 -0
4.12646 88.9526 -0
4.13872 88.936 -0
4.15097 88.8199 -0
4.16322 88.721 -0
4.17545 88.491 -0
4.18768 88.1692 -0
4.19989 86.8379 -0
4.2121 79.4184 -0
4.2243 73.6379 -0
4.23648 78.5551 -0
4.24866 83.8524 -0
4.26082 83.9181 -0
4.27298 84.0246 -0
4.28512 83.9724 -0
4.29726 83.9848 -0
4.30938 83.8925 -0
4.3215 83.8734 -0
4.33361 83.6004 -0
4.3457 83.4147 -0
4.35778 78.7621 -0
4.36986 72.0033 -0
4.38192 74.879 -0
4.39398 81.3216 -0
4.40602 82.315 -0
4.41805 82.3006 -0
4.43008 82.3671 -0
4.44209 82.3158 -0
4.45409 82.2813 -0
4.46608 82.1924 -0
4.47806 82.0467 -0
4.49003 81.783 -0
4.50199 80.7812 -0
4.51394 78.3104 -0
4.52588 80.2088 -0
4.53781 77.8648 -0
4.54973 79.6176 -0
4.56163 79.6491 -0
4.57353 79.7409 -0
4.58541 79.7099 -0
4.59729 79.6982 -0
4.60915 79.6469 -0
4.621 79.5874 -0
4.63284 79.4711 -0
4.64467 79.246 -0
4.65649 78.52 -0
4.6683 72.0918 -0
4.6801 62.9097 -0
4.69189 66.7705 -0
4.70366 71.0151 -0
4.71543 71.2769 -0
4.72718 71.26 -0
4.73893 71.2652 -0
4.75066 71.2037 -0
4.76238 71.1788 -0
4.77409 71.0762 -0
4.78578 71.0216 -0
4.79747 70.7609 -0
4.80915 70.5709 -0
4.82081 68.1526 -0
4.83246 62.6784 -0
4.8441 61.0781 -0
4.85573 64.2981 -0
4.86735 65.9207 -0
4.87896 65.7517 -0
4.89055 65.8124 -0
4.90214 65.7545 -0
4.91371 65.7372 -0
4.92527 65.6951 -0
4.93682 65.6389 -0
4.94836 65.5856 -0
4.95988 65.4159 -0
4.9714 65.2589 -0
4.9829 63.6394 -0
4.99439 57.2316 -0
5.00587 55.5149 -0
5.01734 60.2791 -0
5.02879 62.135 -0
5.04024 61.9464 -0
5.05167 62.0238 -0
5.06309 61.9436 -0
5.0745 61.9388 -0
5.08589 61.8672 -0
5.09728 61.8334 -0
5.10865 61.7316 -0
5.12001 61.6462 -0
5.13136 61.3859 -0
5.14269 60.9387 -0
5.15402 57.4426 -0
5.16533 53.3201 -0
5.17663 55.3836 -0
5.18792 58.7358 -0
5.19919 58.9038 -0
5.21045 58.8488 -0
5.2217 58.844 -0
5.23294 58.801 -0
5.24417 58.7812 -0
5.25538 58.735 -0
5.26658 58.702 -0
5.27777 58.6278 -0
5.28895 58.5532 -0
5.30011 58.3386 -0
5.31127 57.9305 -0
5.32241 54.9486 -0
5.33353 50.9675 -0
5.34465 51.3661 -0
5.35575 53.5915 -0
5.36684 53.7158 -0
5.37791 53.6313 -0
5.38898 53.6107 -0
5.40003 53.5497 -0
5.41107 53.5189 -0
5.42209 53.4575 -0
5.4331 53.4171 -0
5.4441 53.3303 -0
5.45509 53.2609 -0
5.46607 53.0631 -0
5.47703 52.8392 -0
5.48798 51.4068 -0
5.49891 49.8411 -0
5.50983 49.7878 -0
5.52074 49.0027 -0
5.53164 49.5432 -0
5.54252 49.366 -0
5.5534 49.3824 -0
5.56425 49.324 -0
5.5751 49.3056 -0
5.58593 49.2677 -0
5.59675 49.2399 -0
5.60755 49.2039 -0
5.61834 49.1591 -0
5.62912 49.1082 -0
5.63989 48.999 -0
5.65064 48.8579 -0
5.66138 48.0705 -0
5.67211 45.3585 -0
5.68282 44.1123 -0
5.69352 45.6053 -0
5.7042 47.3256 -0
5.71487 47.2225 -0
5.72553 47.2574 -0
5.73618 47.2026 -0
5.74681 47.1892 -0
5.75743 47.1405 -0
5.76803 47.113 -0
5.77862 47.0542 -0
5.7892 47.0088 -0
5.79976 46.9142 -0
5.81031 46.8212 -0
5.82085 46.5887 -0
5.83137 46.2296 -0
5.84188 44.5345 -0
5.85238 43.3644 -0
5.86286 43.2508 -0
5.87333 44.0613 -0
5.88378 44.3122 -0
5.89422 43.9753 -0
5.90465 43.9215 -0
5.91506 43.8135 -0
5.92546 43.7689 -0
5.93584 43.7026 -0
5.94621 43.6628 -0
5.95657 43.6047 -0
5.96691 43.5603 -0
5.97724 43.4893 -0
5.98755 43.4211 -0
5.99785 43.2837 -0
6.00814 43.0966 -0
6.01841 42.2601 -0
6.02867 37.6201 -0
6.03891 32.9782 -0
6.04914 36.8892 -0
6.05936 38.4017 -0
6.06956 38.2004 -0
6.07975 38.1685 -0
6.08992 38.1127 -0
6.10008 38.0835 -0
6.11022 38.0476 -0
6.12035 38.0201 -0
6.13046 37.9873 -0
6.14057 37.9559 -0
6.15065 37.9162 -0
6.16072 37.8706 -0
6.17078 37.8051 -0
6.18082 37.7094 -0
6.19085 37.5249 -0
6.20086 37.0321 -0
6.21086 34.8893 -0
6.22085 32.5645 -0
6.23082 33.4096 -0
6.24077 34.2771 -0
6.25071 34.0301 -0
6.26064 33.9761 -0
6.27055 33.917 -0
6.28044 33.884 -0
6.29033 33.8493 -0
6.30019 33.8237 -0
6.31004 33.7945 -0
6.31988 33.7695 -0
6.3297 33.7375 -0
6.33951 33.7065 -0
6.3493 33.6596 -0
6.35908 33.6071 -0
6.36884 33.5031 -0
6.37859 33.3484 -0
6.38832 32.6628 -0
6.39804 29.8451 -0
6.40774 28.1153 -0
6.41743 31.3113 -0
6.4271 32.3339 -0
6.43675 32.0988 -0
6.4464 32.0475 -0
6.45602 31.984 -0
6.46563 31.9474 -0
6.47523 31.9103 -0
6.48481 31.8802 -0
6.49438 31.8507 -0
6.50393 31.8212 -0
6.51346 31.792 -0
6.52298 31.7567 -0
6.53249 31.7209 -0
6.54197 31.6669 -0
6.55145 31.6077 -0
6.56091 31.4808 -0
6.57035 31.2987 -0
6.57978 30.2226 -0
6.58919 27.2715 -0
6.59858 25.9757 -0
6.60797 27.3583 -0
6.61733 27.7547 -0
6.62668 27.5617 -0
6.63601 27.534 -0
6.64533 27.4783 -0
6.65464 27.4562 -0
6.66392 27.424 -0
6.67319 27.4053 -0
6.68245 27.3795 -0
6.69169 27.3611 -0
6.70091 27.3352 -0
6.71012 27.3137 -0
6.71932 27.2815 -0
6.72849 27.2508 -0
6.73765 27.1987 -0
6.7468 27.1387 -0
6.75593 27.0072 -0
6.76504 26.7538 -0
6.77414 25.2526 -0
6.78322 23.1227 -0
6.79229 22.7686 -0
6.80134 23.0137 -0
6.81037 22.8228 -0
6.81939 22.6914 -0
6.82839 22.6487 -0
6.83737 22.6042 -0
6.84634 22.5793 -0
6.8553 22.5532 -0
6.86423 22.5343 -0
6.87315 22.5141 -0
6.88206 22.4967 -0
6.89095 22.4775 -0
6.89982 22.4585 -0
6.90868 22.4364 -0
6.91752 22.4113 -0
6.92634 22.3794 -0
6.93515 22.3371 -0
6.94394 22.271 -0
6.95271 22.1594 -0
6.96147 21.8234 -0
6.97021 20.4438 -0
6.97894 18.852 -0
6.98765 18.7657 -0
6.99634 19.2042 -0
7.00502 19.0721 -0
7.01368 18.9625 -0
7.02232 18.9166 -0
7.03095 18.8738 -0
7.03956 18.8466 -0
7.04815 18.8197 -0
7.05673 18.7989 -0
7.06529 18.7772 -0
7.07383 18.7581 -0
7.08236 18.7372 -0
7.09087 18.717 -0
7.09936 18.6933 -0
7.10784 18.6682 -0
7.1163 18.6364 -0
7.12474 18.5988 -0
7.13317 18.5452 -0
7.14158 18.4682 -0
7.14997 18.3338 -0
7.15835 17.9846 -0
7.16671 16.6081 -0
7.17505 13.7762 -0
7.18338 14.5597 -0
7.19169 16.1156 -0
7.19998 15.95 -0
7.20825 15.8162 -0
7.21651 15.7603 -0
7.22475 15.7142 -0
7.23298 15.6857 -0
7.24118 15.6602 -0
7.24937 15.6413 -0
7.25755 15.6237 -0
7.2657 15.6089 -0
7.27384 15.5945 -0
7.28196 15.5812 -0
7.29007 15.5678 -0
7.29816 15.5541 -0
7.30623 15.5396 -0
7.31428 15.5233 -0
7.32232 15.5045 -0
7.33033 15.4801 -0
7.33834 15.4484 -0
7.34632 15.3957 -0
7.35429 15.3037 -0
7.36224 14.9855 -0
7.37017 14.2836 -0
7.37808 13.5589 -0
7.38598 12.2918 -0
7.39386 11.8911 -0
7.40172 11.7602 -0
7.40957 11.7268 -0
7.4174 11.6961 -0
7.42521 11.6791 -0
7.433 11.6625 -0
7.44078 11.6505 -0
7.44853 11.6383 -0
7.45627 11.6281 -0
7.464 11.6173 -0
7.4717 11.6073 -0
7.47939 11.5963 -0
7.48706 11.5853 -0
7.49471 11.5727 -0
7.50235 11.5594 -0
7.50996 11.5432 -0
7.51756 11.5247 -0
7.52515 11.5009 -0
7.53271 11.471 -0
7.54026 11.4282 -0
7.54778 11.3648 -0
7.5553 11.2543 -0
7.56279 10.9793 -0
7.57026 10.4225 -0
7.57772 9.93193 -0
7.58516 9.36276 -0
7.59258 8.58158 -0
7.59999 8.04305 -0
7.60737 7.89148 -0
7.61474 7.8107 -0
7.62209 7.7593 -0
7.62942 7.7237 -0
7.63674 7.69625 -0
7.64403 7.67476 -0
7.65131 7.65666 -0
7.65857 7.64135 -0
7.66582 7.62773 -0
7.67304 7.61552 -0
7.68025 7.60419 -0
7.68743 7.59352 -0
7.6946 7.58326 -0
7.70176 7.5731 -0
7.70889 7.56298 -0
7.71601 7.55234 -0
7.7231 7.54134 -0
7.73018 7.52883 -0
7.73724 7.51522 -0
7.74429 7.49767 -0
7.75131 7.477 -0
7.75832 7.44201 -0
7.76531 7.39334 -0
7.77228 7.16369 -0
7.77923 6.37909 -0
7.78616 5.50961 -0
7.79308 4.50048 -0
7.79997 4.06196 -0
7.80685 3.97727 -0
7.81371 3.95529 -0
7.82055 3.94149 -0
7.82738 3.93463 -0
7.83418 3.92928 -0
7.84097 3.92592 -0
7.84774 3.92301 -0
7.85449 3.9209 -0
7.86122 3.91893 -0
7.86793 3.91735 -0
7.87462 3.91578 -0
7.8813 3.91441 -0
7.88796 3.91298 -0
7.8946 3.91163 -0
7.90122 3.91017 -0
7.90782 3.9087 -0
7.9144 3.90704 -0
7.92096 3.90527 -0
7.92751 3.90316 -0
7.93404 3.90078 -0
7.94054 3.89775 -0
7.94703 3.89409 -0
7.9535 3.88883 -0
7.95995 3.8818 -0
7.96639 3.86872 -0
7.9728 3.84665 -0
7.9792 3.75213 -0
7.98558 3.21615 -0
7.99193 2.40425 -0
7.99827 0.864612 -0
8.00459 0.113801 -0
8.01089 0.0499047 -0
8.01718 0.0321303 -0
8.02344 0.0238961 -0
8.02969 0.0187932 -0
8.03591 0.0155908 -0
8.04212 0.0132121 -0
8.04831 0.0115055 -0
8.05448 0.010137 -0
8.06063 0.00907947 -0
8.06676 0.00819435 -0
8.07287 0.00747737 -0
8.07897 0.00686039 -0
8.08504 0.00634403 -0
8.0911 0.00589084 -0
8.09713 0.00550236 -0
8.10315 0.00515627 -0
8.10915 0.0048541 -0
8.11513 0.00458171 -0
8.12109 0.0043404 -0
8.12703 0.00412079 -0
8.13295 0.00392392 -0
8.13885 0.00374331 -0
8.14474 0.0035798 -0
8.1506 0.00342879 -0
8.15645 0.00329093 -0
8.16227 0.00316287 -0
8.16808 0.00304513 -0
8.17387 0.0029352 -0
8.17963 0.00283351 -0
8.18538 0.00273814 -0
8.19111 0.00264945 -0
8.19682 0.00256593 -0
8.20252 0.00248789 -0
8.20819 0.00241415 -0
8.21384 0.00234495 -0
8.21947 0.00227936 -0
8.22509 0.00221757 -0
8.23068 0.00215883 -0
8.23626 0.00210332 -0
8.24181 0.0020504 -0
8.24735 0.00200024 -0
8.25287 0.00195231 -0
8.25837 0.00190674 -0
8.26384 0.00186311 -0
8.2693 0.00182152 -0
8.27474 0.00178162 -0
8.28016 0.0017435 -0
8.28556 0.00170686 -0
8.29094 0.00167179 -0
8.2963 0.00163801 -0
8.30165 0.00160561 -0
8.30697 0.00157436 -0
8.31227 0.00154432 -0
8.31755 0.00151532 -0
8.32282 0.0014874 -0
8.32806 0.00146039 -0
8.33329 0.00143435 -0
8.33849 0.00140913 -0
8.34368 0.00138478 -0
8.34884 0.00136117 -0
8.35399 0.00133834 -0
8.35912 0.00131618 -0
8.36422 0.00129473 -0
8.36931 0.00127388 -0
8.37438 0.00125367 -0
8.37942 0.00123401 -0
8.38445 0.00121494 -0
8.38946 0.00119637 -0
8.39445 0.00117832 -0
8.39942 0.00116074 -0
8.40437 0.00114365 -0
8.4093 0.00112697 -0
8.4142 0.00111074 -0
8.41909 0.0010949 -0
8.42396 0.00107947 -0
8.42881 0.00106439 -0
8.43364 0.00104969 -0
8.43845 0.00103532 -0
8.44324 0.0010213 -0
8.44801 0.00100759 -0
8.45277 0.000994196 -0
8.4575 0.000981086 -0
8.46221 0.000968275 -0
8.4669 0.000955727 -0
8.47157 0.000943456 -0
8.47622 0.000931431 -0
8.48085 0.000919663 -0
8.48546 0.000908124 -0
8.49005 0.000896826 -0
8.49462 0.000885741 -0
8.49918 0.000874881 -0
8.50371 0.000864221 -0
8.50822 0.00085377 -0
8.51271 0.000843507 -0
8.51718 0.000833441 -0
8.52163 0.00082355 -0
8.52606 0.000813844 -0
8.53047 0.000804302 -0
8.53486 0.000794935 -0
8.53924 0.000785722 -0
8.54359 0.000776672 -0
8.54792 0.000767769 -0
8.55223 0.000759019 -0
8.55652 0.000750407 -0
8.56079 0.00074194 -0
8.56504 0.000733603 -0
8.56927 0.000725403 -0
8.57348 0.000717325 -0
8.57767 0.000709378 -0
8.58184 0.000701546 -0
8.58599 0.000693837 -0
8.59011 0.000686237 -0
8.59422 0.000678754 -0
8.59831 0.000671375 -0
8.60238 0.000664106 -0
8.60643 0.000656936 -0
8.61046 0.00064987 -0
8.61446 0.000642899 -0
8.61845 0.000636026 -0
8.62242 0.000629243 -0
8.62637 0.000622554 -0
8.63029 0.00061595 -0
8.6342 0.000609435 -0
8.63808 0.000603002 -0
8.64195 0.000596654 -0
8.64579 0.000590382 -0
8.64962 0.000584193 -0
8.65342 0.000578077 -0
8.65721 0.000572038 -0
8.66097 0.000566069 -0
8.66472 0.000560175 -0
8.66844 0.000554347 -0
8.67214 0.000548591 -0
8.67582 0.000542898 -0
8.67948 0.000537273 -0
8.68313 0.000531708 -0
8.68675 0.000526209 -0
8.69035 0.000520768 -0
8.69393 0.000515389 -0
8.69749 0.000510065 -0
8.70103 0.000504802 -0
8.70454 0.000499591 -0
8.70804 0.000494438 -0
8.71152 0.000489335 -0
8.71498 0.000484287 -0
8.71841 0.000479289 -0
8.72183 0.000474342 -0
8.72523 0.000469443 -0
8.7286 0.000464594 -0
8.73196 0.00045979 -0
8.73529 0.000455034 -0
8.7386 0.000450321 -0
8.7419 0.000445655 -0
8.74517 0.00044103 -0
8.74842 0.00043645 -0
8.75165 0.00043191 -0
8.75486 0.000427413 -0
8.75805 0.000422954 -0
8.76122 0.000418536 -0
8.76437 0.000414155 -0
8.7675 0.000409814 -0
8.77061 0.000405508 -0
8.77369 0.000401241 -0
8.77676 0.000397007 -0
8.7798 0.000392811 -0
8.78283 0.000388647 -0
8.78583 0.000384518 -0
8.78882 0.000380422 -0
8.79178 0.000376359 -0
8.79472 0.000372327 -0
8.79764 0.000368327 -0
8.80054 0.000364357 -0
8.80342 0.000360419 -0
8.80628 0.000356509 -0
8.80912 0.000352629 -0
8.81194 0.000348777 -0
8.81474 0.000344954 -0
8.81751 0.000341157 -0
8.82027 0.000337389 -0
8.823 0.000333646 -0
8.82572 0.000329931 -0
8.82841 0.00032624 -0
8.83108 0.000322576 -0
8.83374 0.000318935 -0
8.83637 0.00031532 -0
8.83898 0.000311727 -0
8.84157 0.000308159 -0
8.84414 0.000304614 -0
8.84668 0.000301092 -0
8.84921 0.000297591 -0
8.85172 0.000294113 -0
8.8542 0.000290656 -0
8.85667 0.000287221 -0
8.85911 0.000283805 -0
8.86153 0.000280411 -0
8.86393 0.000277037 -0
8.86632 0.000273683 -0
8.86868 0.000270347 -0
8.87102 0.000267032 -0
8.87333 0.000263734 -0
8.87563 0.000260455 -0
8.87791 0.000257194 -0
8.88016 0.000253952 -0
8.8824 0.000250726 -0
8.88461 0.000247518 -0
8.88681 0.000244327 -0
8.88898 0.000241152 -0
8.89113 0.000237994 -0
8.89326 0.000234852 -0
8.89537 0.000231725 -0
8.89746 0.000228615 -0
8.89953 0.000225518 -0
8.90157 0.000222438 -0
8.9036 0.000219372 -0
8.9056 0.000216321 -0
8.90759 0.000213283 -0
8.90955 0.00021026 -0
8.91149 0.00020725 -0
8.91341 0.000204255 -0
8.91531 0.000201272 -0
8.91719 0.000198302 -0
8.91905 0.000195345 -0
8.92089 0.000192401 -0
8.9227 0.000189469 -0
8.9245 0.00018655 -0
8.92627 0.000183641 -0
8.92803 0.000180746 -0
8.92976 0.000177861 -0
8.93147 0.000174988 -0
8.93316 0.000172125 -0
8.93483 0.000169275 -0
8.93648 0.000166434 -0
8.9381 0.000163604 -0
8.93971 0.000160784 -0
8.94129 0.000157975 -0
8.94286 0.000155175 -0
8.9444 0.000152386 -0
8.94592 0.000149605 -0
8.94742 0.000146835 -0
8.9489 0.000144073 -0
8.95036 0.000141321 -0
8.9518 0.000138577 -0
8.95321 0.000135843 -0
8.95461 0.000133116 -0
8.95598 0.000130398 -0
8.95734 0.000127688 -0
8.95867 0.000124987 -0
8.95998 0.000122293 -0
8.96127 0.000119607 -0
8.96254 0.000116928 -0
8.96379 0.000114258 -0
8.96501 0.000111593 -0
8.96622 0.000108937 -0
8.9674 0.000106287 -0
8.96857 0.000103645 -0
8.96971 0.000101008 -0
8.97083 9.83787e-05 -0
8.97193 9.57546e-05 -0
8.97301 9.31382e-05 -0
8.97407 9.05265e-05 -0
8.9751 8.79221e-05 -0
8.97612 8.5322e-05 -0
8.97711 8.27292e-05 -0
8.97809 8.01403e-05 -0
8.97904 7.75583e-05 -0
8.97997 7.49801e-05 -0
8.98088 7.24086e-05 -0
8.98177 6.98404e-05 -0
8.98264 6.72787e-05 -0
8.98348 6.47201e-05 -0
8.98431 6.21678e-05 -0
8.98511 5.96181e-05 -0
8.9859 5.70748e-05 -0
8.98666 5.45336e-05 -0
8.9874 5.19986e-05 -0
8.98812 4.94654e-05 -0
8.98882 4.69382e-05 -0
8.9895 4.44125e-05 -0
8.99015 4.18927e-05 -0
8.99079 3.9374e-05 -0
8.9914 3.68612e-05 -0
8.99199 3.43488e-05 -0
8.99256 3.18425e-05 -0
8.99312 2.93361e-05 -0
8.99364 2.68359e-05 -0
8.99415 2.43349e-05 -0
8.99464 2.18403e-05 -0
8.99511 1.93443e-05 -0
8.99555 1.68549e-05 -0
8.99597 1.43633e-05 -0
8.99638 1.18788e-05 -0
8.99676 9.39103e-06 -0
8.99712 6.91129e-06 -0
8.99746 4.42675e-06 -0
8.99777 1.95156e-06 -0
8.99807 -5.30343e-07 -0
8.99835 -3.00085e-06 -0
8.9986 -5.48082e-06 -0
8.99883 -7.94597e-06 -0
8.99904 -1.04248e-05 -0
8.99923 -1.28826e-05 -0
8.9994 -1.53614e-05 -0
8.99955 -1.78057e-05 -0
8.99968 -2.02849e-05 -0
8.99979 -2.26919e-05 -0
8.99987 -2.51627e-05 -0
8.99993 -2.73597e-05 -0
8.99998 -2.9442e-05 -0
9 -8.69181e-06 -0
