-15 2.31835e-05 -0
-15 2.3919e-05 -0
-14.9999 2.43252e-05 -0
-14.9998 2.45212e-05 -0
-14.9996 2.47412e-05 -0
-14.9995 2.49133e-05 -0
-14.9993 2.51033e-05 -0
-14.999 2.52725e-05 -0
-14.9987 2.54531e-05 -0
-14.9984 2.5622e-05 -0
-14.9981 2.57987e-05 -0
-14.9977 2.59678e-05 -0
-14.9972 2.61425e-05 -0
-14.9968 2.63118e-05 -0
-14.9963 2.64854e-05 -0
-14.9958 2.66549e-05 -0
-14.9952 2.68278e-05 -0
-14.9946 2.69975e-05 -0
-14.994 2.71699e-05 -0
-14.9933 2.73399e-05 -0
-14.9926 2.7512e-05 -0
-14.9918 2.7682e-05 -0
-14.9911 2.78539e-05 -0
-14.9903 2.80242e-05 -0
-14.9894 2.81959e-05 -0
-14.9885 2.83663e-05 -0
-14.9876 2.8538e-05 -0
-14.9867 2.87084e-05 -0
-14.9857 2.88801e-05 -0
-14.9846 2.90506e-05 -0
-14.9836 2.92222e-05 -0
-14.9825 2.93929e-05 -0
-14.9814 2.95645e-05 -0
-14.9802 2.97353e-05 -0
-14.979 2.99069e-05 -0
-14.9778 3.00778e-05 -0
-14.9765 3.02494e-05 -0
-14.9752 3.04204e-05 -0
-14.9738 3.05921e-05 -0
-14.9725 3.07632e-05 -0
-14.9711 3.09349e-05 -0
-14.9696 3.11061e-05 -0
-14.9681 3.12779e-05 -0
-14.9666 3.14492e-05 -0
-14.9651 3.16211e-05 -0
-14.9635 3.17925e-05 -0
-14.9619 3.19645e-05 -0
-14.9602 3.2136e-05 -0
-14.9585 3.2308e-05 -0
-14.9568 3.24797e-05 -0
-14.955 3.26518e-05 -0
-14.9532 3.28235e-05 -0
-14.9514 3.29957e-05 -0
-14.9495 3.31676e-05 -0
-14.9476 3.33399e-05 -0
-14.9457 3.35119e-05 -0
-14.9437 3.36843e-05 -0
-14.9417 3.38565e-05 -0
-14.9396 3.4029e-05 -0
-14.9376 3.42013e-05 -0
-14.9354 3.43739e-05 -0
-14.9333 3.45463e-05 -0
-14.9311 3.47191e-05 -0
-14.9289 3.48917e-05 -0
-14.9266 3.50645e-05 -0
-14.9243 3.52372e-05 -0
-14.922 3.54103e-05 -0
-14.9197 3.55831e-05 -0
-14.9173 3.57563e-05 -0
-14.9148 3.59293e-05 -0
-14.9124 3.61026e-05 -0
-14.9099 3.62757e-05 -0
-14.9073 3.64492e-05 -0
-14.9048 3.66225e-05 -0
-14.9022 3.67961e-05 -0
-14.8995 3.69696e-05 -0
-14.8968 3.71434e-05 -0
-14.8941 3.7317e-05 -0
-14.8914 3.74909e-05 -0
-14.8886 3.76648e-05 -0
-14.8858 3.78389e-05 -0
-14.8829 3.80129e-05 -0
-14.88 3.81871e-05 -0
-14.8771 3.83613e-05 -0
-14.8742 3.85358e-05 -0
-14.8712 3.87102e-05 -0
-14.8681 3.88848e-05 -0
-14.8651 3.90594e-05 -0
-14.862 3.92342e-05 -0
-14.8589 3.94089e-05 -0
-14.8557 3.95839e-05 -0
-14.8525 3.97589e-05 -0
-14.8493 3.99341e-05 -0
-14.846 4.01093e-05 -0
-14.8427 4.02847e-05 -0
-14.8393 4.04601e-05 -0
-14.836 4.06357e-05 -0
-14.8325 4.08113e-05 -0
-14.8291 4.09871e-05 -0
-14.8256 4.11629e-05 -0
-14.8221 4.1339e-05 -0
-14.8186 4.1515e-05 -0
-14.815 4.16913e-05 -0
-14.8113 4.18675e-05 -0
-14.8077 4.2044e-05 -0
-14.804 4.22205e-05 -0
-14.8003 4.23973e-05 -0
-14.7965 4.2574e-05 -0
-14.7927 4.2751e-05 -0
-14.7889 4.29279e-05 -0
-14.785 4.31051e-05 -0
-14.7811 4.32824e-05 -0
-14.7772 4.34598e-05 -0
-14.7732 4.36373e-05 -0
-14.7692 4.3815e-05 -0
-14.7652 4.39927e-05 -0
-14.7611 4.41707e-05 -0
-14.757 4.43487e-05 -0
-14.7529 4.45269e-05 -0
-14.7487 4.47052e-05 -0
-14.7445 4.48837e-05 -0
-14.7402 4.50622e-05 -0
-14.7359 4.5241e-05 -0
-14.7316 4.54198e-05 -0
-14.7273 4.55988e-05 -0
-14.7229 4.57779e-05 -0
-14.7185 4.59573e-05 -0
-14.714 4.61367e-05 -0
-14.7095 4.63163e-05 -0
-14.705 4.64959e-05 -0
-14.7004 4.66759e-05 -0
-14.6959 4.68558e-05 -0
-14.6912 4.7036e-05 -0
-14.6866 4.72163e-05 -0
-14.6819 4.73968e-05 -0
-14.6771 4.75774e-05 -0
-14.6724 4.77582e-05 -0
-14.6676 4.79391e-05 -0
-14.6627 4.81203e-05 -0
-14.6579 4.83015e-05 -0
-14.653 4.84829e-05 -0
-14.648 4.86645e-05 -0
-14.6431 4.88463e-05 -0
-14.638 4.90281e-05 -0
-14.633 4.92102e-05 -0
-14.6279 4.93924e-05 -0
-14.6228 4.95749e-05 -0
-14.6177 4.97574e-05 -0
-14.6125 4.99402e-05 -0
-14.6073 5.01231e-05 -0
-14.602 5.03063e-05 -0
-14.5968 5.04895e-05 -0
-14.5914 5.0673e-05 -0
-14.5861 5.08566e-05 -0
-14.5807 5.10405e-05 -0
-14.5753 5.12244e-05 -0
-14.5698 5.14086e-05 -0
-14.5643 5.1593e-05 -0
-14.5588 5.17776e-05 -0
-14.5533 5.19623e-05 -0
-14.5477 5.21472e-05 -0
-14.542 5.23323e-05 -0
-14.5364 5.25177e-05 -0
-14.5307 5.27032e-05 -0
-14.525 5.28889e-05 -0
-14.5192 5.30748e-05 -0
-14.5134 5.32609e-05 -0
-14.5076 5.34472e-05 -0
-14.5017 5.36337e-05 -0
-14.4958 5.38204e-05 -0
-14.4899 5.40073e-05 -0
-14.4839 5.41944e-05 -0
-14.4779 5.43817e-05 -0
-14.4719 5.45692e-05 -0
-14.4658 5.4757e-05 -0
-14.4597 5.49449e-05 -0
-14.4536 5.51331e-05 -0
-14.4474 5.53215e-05 -0
-14.4412 5.55101e-05 -0
-14.435 5.56989e-05 -0
-14.4287 5.58879e-05 -0
-14.4224 5.60771e-05 -0
-14.416 5.62667e-05 -0
-14.4097 5.64563e-05 -0
-14.4032 5.66463e-05 -0
-14.3968 5.68364e-05 -0
-14.3903 5.70268e-05 -0
-14.3838 5.72174e-05 -0
-14.3773 5.74083e-05 -0
-14.3707 5.75993e-05 -0
-14.3641 5.77907e-05 -0
-14.3574 5.79822e-05 -0
-14.3508 5.8174e-05 -0
-14.344 5.8366e-05 -0
-14.3373 5.85583e-05 -0
-14.3305 5.87508e-05 -0
-14.3237 5.89436e-05 -0
-14.3169 5.91366e-05 -0
-14.31 5.93299e-05 -0
-14.3031 5.95234e-05 -0
-14.2961 5.97172e-05 -0
-14.2891 5.99112e-05 -0
-14.2821 6.01055e-05 -0
-14.2751 6.03e-05 -0
-14.268 6.04948e-05 -0
-14.2609 6.06899e-05 -0
-14.2537 6.08852e-05 -0
-14.2465 6.10808e-05 -0
-14.2393 6.12767e-05 -0
-14.2321 6.14728e-05 -0
-14.2248 6.16692e-05 -0
-14.2175 6.18658e-05 -0
-14.2101 6.20628e-05 -0
-14.2027 6.226e-05 -0
-14.1953 6.24575e-05 -0
-14.1878 6.26553e-05 -0
-14.1804 6.28534e-05 -0
-14.1728 6.30517e-05 -0
-14.1653 6.32503e-05 -0
-14.1577 6.34492e-05 -0
-14.1501 6.36484e-05 -0
-14.1424 6.38479e-05 -0
-14.1348 6.40477e-05 -0
-14.127 6.42478e-05 -0
-14.1193 6.44482e-05 -0
-14.1115 6.46488e-05 -0
-14.1037 6.48499e-05 -0
-14.0958 6.50511e-05 -0
-14.0879 6.52527e-05 -0
-14.08 6.54546e-05 -0
-14.0721 6.56568e-05 -0
-14.0641 6.58593e-05 -0
-14.0561 6.60622e-05 -0
-14.048 6.62653e-05 -0
-14.0399 6.64688e-05 -0
-14.0318 6.66725e-05 -0
-14.0237 6.68767e-05 -0
-14.0155 6.70811e-05 -0
-14.0073 6.72859e-05 -0
-13.999 6.74909e-05 -0
-13.9907 6.76963e-05 -0
-13.9824 6.79021e-05 -0
-13.9741 6.81082e-05 -0
-13.9657 6.83146e-05 -0
-13.9573 6.85213e-05 -0
-13.9488 6.87284e-05 -0
-13.9404 6.89359e-05 -0
-13.9319 6.91436e-05 -0
-13.9233 6.93518e-05 -0
-13.9147 6.95602e-05 -0
-13.9061 6.97691e-05 -0
-13.8975 6.99783e-05 -0
-13.8888 7.01878e-05 -0
-13.8801 7.03977e-05 -0
-13.8714 7.0608e-05 -0
-13.8626 7.08186e-05 -0
-13.8538 7.10296e-05 -0
-13.8449 7.12409e-05 -0
-13.8361 7.14527e-05 -0
-13.8272 7.16648e-05 -0
-13.8182 7.18773e-05 -0
-13.8093 7.20901e-05 -0
-13.8003 7.23034e-05 -0
-13.7912 7.2517e-05 -0
-13.7822 7.2731e-05 -0
-13.7731 7.29454e-05 -0
-13.7639 7.31602e-05 -0
-13.7548 7.33753e-05 -0
-13.7456 7.35909e-05 -0
-13.7364 7.38069e-05 -0
-13.7271 7.40233e-05 -0
-13.7178 7.424e-05 -0
-13.7085 7.44572e-05 -0
-13.6991 7.46748e-05 -0
-13.6897 7.48928e-05 -0
-13.6803 7.51112e-05 -0
-13.6709 7.53301e-05 -0
-13.6614 7.55493e-05 -0
-13.6519 7.5769e-05 -0
-13.6423 7.5989e-05 -0
-13.6327 7.62096e-05 -0
-13.6231 7.64305e-05 -0
-13.6135 7.66519e-05 -0
-13.6038 7.68737e-05 -0
-13.5941 7.7096e-05 -0
-13.5843 7.73187e-05 -0
-13.5746 7.75418e-05 -0
-13.5648 7.77654e-05 -0
-13.5549 7.79895e-05 -0
-13.545 7.82139e-05 -0
-13.5351 7.84389e-05 -0
-13.5252 7.86643e-05 -0
-13.5152 7.88902e-05 -0
-13.5052 7.91165e-05 -0
-13.4952 7.93433e-05 -0
-13.4852 7.95705e-05 -0
-13.4751 7.97983e-05 -0
-13.4649 8.00265e-05 -0
-13.4548 8.02552e-05 -0
-13.4446 8.04844e-05 -0
-13.4344 8.0714e-05 -0
-13.4241 8.09442e-05 -0
-13.4138 8.11748e-05 -0
-13.4035 8.1406e-05 -0
-13.3932 8.16376e-05 -0
-13.3828 8.18697e-05 -0
-13.3724 8.21024e-05 -0
-13.362 8.23355e-05 -0
-13.3515 8.25692e-05 -0
-13.341 8.28034e-05 -0
-13.3305 8.30381e-05 -0
-13.3199 8.32733e-05 -0
-13.3093 8.35091e-05 -0
-13.2987 8.37453e-05 -0
-13.288 8.39822e-05 -0
-13.2773 8.42195e-05 -0
-13.2666 8.44574e-05 -0
-13.2558 8.46958e-05 -0
-13.2451 8.49348e-05 -0
-13.2342 8.51743e-05 -0
-13.2234 8.54144e-05 -0
-13.2125 8.5655e-05 -0
-13.2016 8.58962e-05 -0
-13.1907 8.61379e-05 -0
-13.1797 8.63803e-05 -0
-13.1687 8.66232e-05 -0
-13.1577 8.68667e-05 -0
-13.1466 8.71107e-05 -0
-13.1355 8.73554e-05 -0
-13.1244 8.76006e-05 -0
-13.1132 8.78464e-05 -0
-13.102 8.80928e-05 -0
-13.0908 8.83398e-05 -0
-13.0796 8.85874e-05 -0
-13.0683 8.88357e-05 -0
-13.057 8.90845e-05 -0
-13.0456 8.9334e-05 -0
-13.0343 8.9584e-05 -0
-13.0229 8.98348e-05 -0
-13.0114 9.00861e-05 -0
-13 9.0338e-05 -0
-12.9885 9.05906e-05 -0
-12.9769 9.08439e-05 -0
-12.9654 9.10977e-05 -0
-12.9538 9.13523e-05 -0
-12.9422 9.16075e-05 -0
-12.9305 9.18634e-05 -0
-12.9189 9.21198e-05 -0
-12.9071 9.23771e-05 -0
-12.8954 9.26349e-05 -0
-12.8836 9.28935e-05 -0
-12.8718 9.31526e-05 -0
-12.86 9.34126e-05 -0
-12.8482 9.36732e-05 -0
-12.8363 9.39345e-05 -0
-12.8243 9.41964e-05 -0
-12.8124 9.44592e-05 -0
-12.8004 9.47226e-05 -0
-12.7884 9.49867e-05 -0
-12.7764 9.52516e-05 -0
-12.7643 9.55172e-05 -0
-12.7522 9.57835e-05 -0
-12.7401 9.60505e-05 -0
-12.7279 9.63183e-05 -0
-12.7157 9.65869e-05 -0
-12.7035 9.68562e-05 -0
-12.6912 9.71262e-05 -0
-12.679 9.7397e-05 -0
-12.6666 9.76686e-05 -0
-12.6543 9.7941e-05 -0
-12.6419 9.82142e-05 -0
-12.6295 9.84881e-05 -0
-12.6171 9.87628e-05 -0
-12.6046 9.90383e-05 -0
-12.5922 9.93147e-05 -0
-12.5796 9.95918e-05 -0
-12.5671 9.98698e-05 -0
-12.5545 0.000100149 -0
-12.5419 0.000100428 -0
-12.5293 0.000100709 -0
-12.5166 0.00010099 -0
-12.5039 0.000101272 -0
-12.4912 0.000101555 -0
-12.4784 0.000101839 -0
-12.4656 0.000102124 -0
-12.4528 0.000102409 -0
-12.44 0.000102696 -0
-12.4271 0.000102983 -0
-12.4142 0.000103271 -0
-12.4013 0.00010356 -0
-12.3883 0.00010385 -0
-12.3753 0.000104141 -0
-12.3623 0.000104433 -0
-12.3493 0.000104726 -0
-12.3362 0.00010502 -0
-12.3231 0.000105314 -0
-12.31 0.00010561 -0
-12.2968 0.000105907 -0
-12.2836 0.000106204 -0
-12.2704 0.000106503 -0
-12.2571 0.000106802 -0
-12.2439 0.000107103 -0
-12.2306 0.000107404 -0
-12.2172 0.000107707 -0
-12.2039 0.00010801 -0
-12.1905 0.000108315 -0
-12.177 0.00010862 -0
-12.1636 0.000108927 -0
-12.1501 0.000109235 -0
-12.1366 0.000109543 -0
-12.1231 0.000109853 -0
-12.1095 0.000110164 -0
-12.0959 0.000110476 -0
-12.0823 0.000110789 -0
-12.0686 0.000111103 -0
-12.055 0.000111418 -0
-12.0413 0.000111734 -0
-12.0275 0.000112052 -0
-12.0138 0.00011237 -0
-12 0.00011269 -0
-11.9861 0.000113011 -0
-11.9723 0.000113333 -0
-11.9584 0.000113656 -0
-11.9445 0.000113981 -0
-11.9306 0.000114306 -0
-11.9166 0.000114633 -0
-11.9026 0.000114961 -0
-11.8886 0.00011529 -0
-11.8746 0.000115621 -0
-11.8605 0.000115953 -0
-11.8464 0.000116286 -0
-11.8323 0.00011662 -0
-11.8181 0.000116955 -0
-11.8039 0.000117292 -0
-11.7897 0.000117631 -0
-11.7755 0.00011797 -0
-11.7612 0.000118311 -0
-11.7469 0.000118653 -0
-11.7326 0.000118997 -0
-11.7182 0.000119341 -0
-11.7039 0.000119688 -0
-11.6895 0.000120035 -0
-11.675 0.000120385 -0
-11.6606 0.000120735 -0
-11.6461 0.000121087 -0
-11.6316 0.00012144 -0
-11.617 0.000121795 -0
-11.6025 0.000122152 -0
-11.5879 0.00012251 -0
-11.5732 0.000122869 -0
-11.5586 0.00012323 -0
-11.5439 0.000123592 -0
-11.5292 0.000123956 -0
-11.5145 0.000124322 -0
-11.4997 0.000124689 -0
-11.4849 0.000125058 -0
-11.4701 0.000125428 -0
-11.4553 0.0001258 -0
-11.4404 0.000126174 -0
-11.4255 0.000126549 -0
-11.4106 0.000126926 -0
-11.3956 0.000127305 -0
-11.3806 0.000127686 -0
-11.3656 0.000128068 -0
-11.3506 0.000128452 -0
-11.3356 0.000128838 -0
-11.3205 0.000129226 -0
-11.3054 0.000129615 -0
-11.2902 0.000130006 -0
-11.2751 0.000130399 -0
-11.2599 0.000130795 -0
-11.2447 0.000131192 -0
-11.2294 0.000131591 -0
-11.2142 0.000131991 -0
-11.1989 0.000132394 -0
-11.1835 0.000132799 -0
-11.1682 0.000133206 -0
-11.1528 0.000133615 -0
-11.1374 0.000134026 -0
-11.122 0.000134439 -0
-11.1065 0.000134855 -0
-11.0911 0.000135272 -0
-11.0756 0.000135692 -0
-11.06 0.000136114 -0
-11.0445 0.000136538 -0
-11.0289 0.000136964 -0
-11.0133 0.000137393 -0
-10.9976 0.000137824 -0
-10.982 0.000138257 -0
-10.9663 0.000138693 -0
-10.9506 0.000139131 -0
-10.9348 0.000139572 -0
-10.9191 0.000140015 -0
-10.9033 0.000140461 -0
-10.8875 0.000140909 -0
-10.8716 0.00014136 -0
-10.8558 0.000141813 -0
-10.8399 0.000142269 -0
-10.824 0.000142728 -0
-10.808 0.00014319 -0
-10.7921 0.000143655 -0
-10.7761 0.000144122 -0
-10.76 0.000144592 -0
-10.744 0.000145065 -0
-10.7279 0.000145541 -0
-10.7118 0.00014602 -0
-10.6957 0.000146503 -0
-10.6796 0.000146988 -0
-10.6634 0.000147476 -0
-10.6472 0.000147968 -0
-10.631 0.000148463 -0
-10.6147 0.000148961 -0
-10.5985 0.000149463 -0
-10.5822 0.000149968 -0
-10.5658 0.000150477 -0
-10.5495 0.000150989 -0
-10.5331 0.000151504 -0
-10.5167 0.000152024 -0
-10.5003 0.000152547 -0
-10.4839 0.000153074 -0
-10.4674 0.000153605 -0
-10.4509 0.000154139 -0
-10.4344 0.000154678 -0
-10.4179 0.000155221 -0
-10.4013 0.000155768 -0
-10.3847 0.00015632 -0
-10.3681 0.000156875 -0
-10.3514 0.000157435 -0
-10.3348 0.000158 -0
-10.3181 0.000158569 -0
-10.3014 0.000159143 -0
-10.2846 0.000159722 -0
-10.2679 0.000160305 -0
-10.2511 0.000160894 -0
-10.2343 0.000161487 -0
-10.2174 0.000162086 -0
-10.2006 0.00016269 -0
-10.1837 0.0001633 -0
-10.1668 0.000163915 -0
-10.1499 0.000164535 -0
-10.1329 0.000165162 -0
-10.1159 0.000165794 -0
-10.0989 0.000166433 -0
-10.0819 0.000167077 -0
-10.0649 0.000167728 -0
-10.0478 0.000168385 -0
-10.0307 0.00016905 -0
-10.0136 0.00016972 -0
-9.99642 0.000170398 -0
-9.97926 0.000171083 -0
-9.96207 0.000171775 -0
-9.94485 0.000172475 -0
-9.92762 0.000173182 -0
-9.91035 0.000173897 -0
-9.89307 0.000174621 -0
-9.87576 0.000175352 -0
-9.85843 0.000176092 -0
-9.84108 0.000176841 -0
-9.8237 0.000177599 -0
-9.8063 0.000178366 -0
-9.78888 0.000179142 -0
-9.77143 0.000179928 -0
-9.75396 0.000180724 -0
-9.73647 0.00018153 -0
-9.71896 0.000182348 -0
-9.70142 0.000183175 -0
-9.68386 0.000184014 -0
-9.66627 0.000184864 -0
-9.64867 0.000185727 -0
-9.63104 0.000186601 -0
-9.61339 0.000187488 -0
-9.59571 0.000188387 -0
-9.57802 0.000189301 -0
-9.5603 0.000190227 -0
-9.54255 0.000191168 -0
-9.52479 0.000192124 -0
-9.507 0.000193094 -0
-9.48919 0.00019408 -0
-9.47136 0.000195082 -0
-9.45351 0.000196101 -0
-9.43563 0.000197136 -0
-9.41773 0.000198189 -0
-9.39981 0.00019926 -0
-9.38187 0.00020035 -0
-9.36391 0.000201459 -0
-9.34592 0.000202588 -0
-9.32791 0.000203738 -0
-9.30988 0.000204908 -0
-9.29183 0.000206101 -0
-9.27375 0.000207315 -0
-9.25566 0.000208554 -0
-9.23754 0.000209816 -0
-9.2194 0.000211103 -0
-9.20124 0.000212415 -0
-9.18306 0.000213754 -0
-9.16485 0.000215119 -0
-9.14663 0.000216513 -0
-9.12838 0.000217935 -0
-9.11011 0.000219386 -0
-9.09182 0.000220866 -0
-9.07351 0.000222378 -0
-9.05517 0.000223921 -0
-9.03682 0.000225496 -0
-9.01844 0.000227102 -0
-9.00005 0.000228742 -0
-8.98163 0.000230414 -0
-8.96319 0.000232121 -0
-8.94473 0.000233859 -0
-8.92625 0.00023563 -0
-8.90774 0.000237433 -0
-8.88922 0.000239267 -0
-8.87068 0.00024113 -0
-8.85211 0.000243021 -0
-8.83352 0.000244935 -0
-8.81492 0.00024687 -0
-8.79629 0.00024882 -0
-8.77764 0.00025078 -0
-8.75897 0.000252741 -0
-8.74028 0.000254694 -0
-8.72157 0.000256626 -0
-8.70284 0.000258522 -0
-8.68409 0.000260362 -0
-8.66532 0.00026212 -0
-8.64653 0.000263769 -0
-8.62771 0.000265266 -0
-8.60888 0.00026657 -0
-8.59003 0.00026761 -0
-8.57116 0.000268322 -0
-8.55226 0.000268593 -0
-8.53335 0.000268319 -0
-8.51442 0.000267312 -0
-8.49546 0.000265404 -0
-8.47649 0.000262272 -0
-8.45749 0.000257632 -0
-8.43848 0.000250916 -0
-8.41945 0.000241616 -0
-8.40039 0.000228692 -0
-8.38132 0.000211187 -0
-8.36223 0.000187074 -0
-8.34312 0.000154409 -0
-8.32399 0.00010894 -0
-8.30483 4.62991e-05 -0
-8.28566 -4.34159e-05 -0
-8.26647 -0.000171509 -0
-8.24726 -0.000364729 -0
-8.22803 -0.000659399 -0
-8.20878 -0.00114637 -0
-8.18952 -0.00199503 -0
-8.17023 -0.00366757 -0
-8.15092 -0.00797285 -0
-8.1316 -0.0135013 -0
-8.11225 0.152378 -0
-8.09289 0.837171 -0
-8.0735 1.47081 -0
-8.0541 2.66141 -0
-8.03468 2.74407 -0
-8.01524 3.61219 -0
-7.99578 4.93194 -0
-7.97631 2.40604 -0
-7.95681 4.44607 -0
-7.93729 9.78059 -0
-7.91776 7.06218 -0
-7.89821 7.89295 -0
-7.87864 10.3109 -0
-7.85905 11.9297 -0
-7.83944 13.2849 -0
-7.81981 5.55638 -0
-7.80017 18.7757 -0
-7.78051 31.2377 -0
-7.76082 18.2193 -0
-7.74112 15.4219 -0
-7.72141 8.74957 -0
-7.70167 32.3985 -0
-7.68192 34.2164 -0
-7.66214 15.0369 -0
-7.64235 5.65079 -0
-7.62255 8.49747 -0
-7.60272 14.4723 -0
-7.58288 40.5667 -0
-7.56301 46.8337 -0
-7.54313 42.3513 -0
-7.52324 18.7192 -0
-7.50332 20.2842 -0
-7.48339 59.3484 -0
-7.46344 63.3189 -0
-7.44347 42.9278 -0
-7.42348 25.9123 -0
-7.40348 31.9068 -0
-7.38346 18.033 -0
-7.36342 19.6573 -0
-7.34337 100.358 -0
-7.3233 69.2447 -0
-7.30321 20.6948 -0
-7.2831 25.2307 -0
-7.26297 32.2829 -0
-7.24283 45.7856 -0
-7.22268 21.2908 -0
-7.2025 46.6709 -0
-7.18231 91.6791 -0
-7.1621 54.8715 -0
-7.14187 20.2639 -0
-7.12163 27.32 -0
-7.10137 10.7587 -0
-7.0811 29.9589 -0
-7.0608 69.2272 -0
-7.04049 96.4399 -0
-7.02017 68.6351 -0
-6.99982 142.95 -0
-6.97947 58.9861 -0
-6.95909 31.1097 -0
-6.9387 30.507 -0
-6.91829 24.7332 -0
-6.89787 53.5074 -0
-6.87743 93.7744 -0
-6.85697 83.4824 -0
-6.8365 49.1925 -0
-6.81601 100.88 -0
-6.7955 62.9458 -0
-6.77498 24.941 -0
-6.75444 42.2126 -0
-6.73389 18.5794 -0
-6.71332 69.5 -0
-6.69274 103.815 -0
-6.67214 49.9478 -0
-6.65152 18.3377 -0
-6.63089 32.1503 -0
-6.61024 104.924 -0
-6.58958 59.1431 -0
-6.5689 47.1245 -0
-6.54821 87.6726 -0
-6.5275 113.734 -0
-6.50678 115.433 -0
-6.48604 91.4844 -0
-6.46528 88.2527 -0
-6.44451 34.4572 -0
-6.42372 45.4017 -0
-6.40292 116.302 -0
-6.38211 74.3048 -0
-6.36128 36.4229 -0
-6.34043 130.206 -0
-6.31957 115.226 -0
-6.2987 61.8201 -0
-6.27781 74.2877 -0
-6.2569 135.389 -0
-6.23598 69.3781 -0
-6.21505 10.796 -0
-6.1941 57.9763 -0
-6.17313 80.5007 -0
-6.15216 78.4656 -0
-6.13116 124.548 -0
-6.11016 171.409 -0
-6.08914 80.6728 -0
-6.0681 81.7957 -0
-6.04705 67.2231 -0
-6.02599 115.142 -0
-6.00491 50.6591 -0
-5.98381 8.29678 -0
-5.96271 56.9886 -0
-5.94159 101.003 -0
-5.92045 212.477 -0
-5.8993 146.073 -0
-5.87814 118.589 -0
-5.85697 56.4959 -0
-5.83578 40.1158 -0
-5.81457 22.4706 -0
-5.79335 107.581 -0
-5.77212 88.3539 -0
-5.75088 7.1437 -0
-5.72962 60.121 -0
-5.70835 165.26 -0
-5.68706 227.38 -0
-5.66577 149.919 -0
-5.64445 75.8396 -0
-5.62313 69.1304 -0
-5.60179 91.0302 -0
-5.58044 37.4481 -0
-5.55907 73.7316 -0
-5.5377 147.662 -0
-5.51631 55.5422 -0
-5.4949 57.5118 -0
-5.47349 125.503 -0
-5.45206 120.226 -0
-5.43061 111.169 -0
-5.40916 98.6226 -0
-5.38769 85.2896 -0
-5.36621 108.46 -0
-5.34472 75.4777 -0
-5.32321 21.8361 -0
-5.30169 91.4856 -0
-5.28016 128.295 -0
-5.25862 94.389 -0
-5.23706 89.2357 -0
-5.21549 107.536 -0
-5.19391 101.818 -0
-5.17232 114.816 -0
-5.15072 123.605 -0
-5.1291 86.7964 -0
-5.10747 114.354 -0
-5.08583 49.1855 -0
-5.06418 7.84682 -0
-5.04251 92.5017 -0
-5.02084 265.949 -0
-4.99915 176.795 -0
-4.97745 110.553 -0
-4.95574 178.944 -0
-4.93401 131.035 -0
-4.91228 102.454 -0
-4.89053 107.612 -0
-4.86877 100.883 -0
-4.847 140.568 -0
-4.82522 43.9142 -0
-4.80343 22.3833 -0
-4.78163 229.502 -0
-4.75981 367.937 -0
-4.73799 223.485 -0
-4.71615 136.204 -0
-4.6943 159.266 -0
-4.67244 109.882 -0
-4.65057 98.8934 -0
-4.62869 120.134 -0
-4.6068 69.4716 -0
-4.58489 144.418 -0
-4.56298 76.0296 -0
-4.54106 121.737 -0
-4.51912 335.614 -0
-4.49717 286.247 -0
-4.47522 134.923 -0
-4.45325 69.6106 -0
-4.43127 90.344 -0
-4.40929 65.056 -0
-4.38729 67.4929 -0
-4.36528 92.034 -0
-4.34326 58.8699 -0
-4.32123 117.042 -0
-4.29919 101.743 -0
-4.27714 199.566 -0
-4.25508 251.683 -0
-4.23301 264.432 -0
-4.21093 152.41 -0
-4.18884 80.9199 -0
-4.16674 129.023 -0
-4.14464 98.7721 -0
-4.12252 134.052 -0
-4.10039 163.814 -0
-4.07825 110.078 -0
-4.0561 172.022 -0
-4.03395 175.626 -0
-4.01178 222.128 -0
-3.9896 254.24 -0
-3.96742 246.896 -0
-3.94522 72.1823 -0
-3.92302 46.7998 -0
-3.9008 133.388 -0
-3.87858 88.5475 -0
-3.85635 102.469 -0
-3.83411 85.7919 -0
-3.81186 71.4449 -0
-3.7896 87.2864 -0
-3.76733 225.585 -0
-3.74506 265.234 -0
-3.72277 271.186 -0
-3.70048 163.23 -0
-3.67817 74.9447 -0
-3.65586 104.299 -0
-3.63354 117.01 -0
-3.61121 98.6929 -0
-3.58888 136.698 -0
-3.56653 103.398 -0
-3.54418 63.2726 -0
-3.52181 123.324 -0
-3.49944 336.038 -0
-3.47706 338.265 -0
-3.45468 165.781 -0
-3.43228 131.487 -0
-3.40988 165.54 -0
-3.38747 189.277 -0
-3.36505 115.875 -0
-3.34262 126.541 -0
-3.32019 55.923 -0
-3.29774 34.9234 -0
-3.27529 60.9168 -0
-3.25283 225.298 -0
-3.23037 308.438 -0
-3.20789 194.79 -0
-3.18541 162.578 -0
-3.16292 101.148 -0
-3.14043 82.9436 -0
-3.11793 54.1798 -0
-3.09541 65.878 -0
-3.0729 126.429 -0
-3.05037 61.4376 -0
-3.02784 38.2117 -0
-3.0053 60.0525 -0
-2.98275 222.749 -0
-2.9602 372.881 -0
-2.93764 280.601 -0
-2.91507 204.64 -0
-2.8925 112.816 -0
-2.86991 73.0977 -0
-2.84733 71.8558 -0
-2.82473 38.8773 -0
-2.80213 21.379 -0
-2.77952 15.5628 -0
-2.75691 4.17155 -0
-2.73429 194.767 -0
-2.71166 647.275 -0
-2.68903 209.575 -0
-2.66639 4.55264 -0
-2.64374 8.97005 -0
-2.62109 9.30471 -0
-2.59843 4.53152 -0
-2.57576 19.0317 -0
-2.55309 54.7258 -0
-2.53042 74.2597 -0
-2.50773 109.432 -0
-2.48504 191.302 -0
-2.46235 397.33 -0
-2.43965 288.527 -0
-2.41694 43.7324 -0
-2.39423 21.3519 -0
-2.37151 40.1437 -0
-2.34879 39.5874 -0
-2.32606 64.0539 -0
-2.30333 52.8345 -0
-2.28059 62.4494 -0
-2.25784 80.167 -0
-2.23509 71.9958 -0
-2.21234 178.354 -0
-2.18958 283.185 -0
-2.16681 95.1734 -0
-2.14404 18.5301 -0
-2.12126 34.2455 -0
-2.09848 31.9044 -0
-2.0757 47.0128 -0
-2.05291 27.0383 -0
-2.03011 74.3928 -0
-2.00731 94.5377 -0
-1.9845 78.957 -0
-1.96169 120.665 -0
-1.93888 183.965 -0
-1.91606 135.619 -0
-1.89324 18.2212 -0
-1.87041 23.6644 -0
-1.84758 78.4144 -0
-1.82474 50.5819 -0
-1.8019 34.6037 -0
-1.77906 37.8276 -0
-1.75621 16.4632 -0
-1.73335 58.4068 -0
-1.71049 67.9921 -0
-1.68763 122.973 -0
-1.66477 146.662 -0
-1.6419 79.371 -0
-1.61902 56.1784 -0
-1.59615 8.00751 -0
-1.57327 6.50086 -0
-1.55038 64.6938 -0
-1.52749 84.0014 -0
-1.5046 46.5634 -0
-1.48171 129.095 -0
-1.45881 84.5092 -0
-1.4359 59.1563 -0
-1.413 169.63 -0
-1.39009 137.502 -0
-1.36718 11.3483 -0
-1.34426 14.4671 -0
-1.32134 53.6781 -0
-1.29842 72.8277 -0
-1.2755 28.4073 -0
-1.25257 2.90915 -0
-1.22964 56.781 -0
-1.2067 92.0817 -0
-1.18377 65.3339 -0
-1.16083 107.788 -0
-1.13789 46.2899 -0
-1.11494 10.4965 -0
-1.09199 0.616103 -0
-1.06904 25.409 -0
-1.04609 81.8354 -0
-1.02314 25.839 -0
-1.00018 0.310909 -0
-0.97722 27.7848 -0
-0.954258 131.456 -0
-0.931294 66.5477 -0
-0.908328 65.5469 -0
-0.885359 52.1258 -0
-0.862388 3.0986 -0
-0.839416 0.340307 -0
-0.816441 19.838 -0
-0.793465 47.706 -0
-0.770486 13.9946 -0
-0.747506 31.8925 -0
-0.724524 29.3189 -0
-0.70154 24.9836 -0
-0.678555 36.1379 -0
-0.655568 25.7038 -0
-0.632579 19.2236 -0
-0.609589 1.35366 -0
-0.586598 1.03909 -0
-0.563605 22.4632 -0
-0.540611 33.1831 -0
-0.517616 4.47277 -0
-0.494619 0.0152409 -0
-0.471621 0.00505856 -0
-0.448622 12.6142 -0
-0.425623 63.9859 -0
-0.402622 30.7932 -0
-0.37962 0.68666 -0
-0.356617 0.00287244 -0
-0.333613 1.8235 -0
-0.310609 5.46726 -0
-0.287604 1.60278 -0
-0.264598 0.0131215 -0
-0.241592 0.000331588 -0
-0.218585 0.0109634 -0
-0.195577 3.82093 -0
-0.172569 25.9363 -0
-0.149561 16.1757 -0
-0.126552 0.652498 -0
-0.103543 0.00327179 -0
-0.0805336 0.00135215 -0
-0.0575241 -0.00133567 -0
-0.0345145 -0.00184261 -0
-0.0115049 -0.00229061 -0
0.0115049 -0.00244861 -0
0.0345145 -0.00246456 -0
0.0575241 -0.00149982 -0
0.0805336 0.000817304 -0
0.103543 0.363166 -0
0.126552 9.67113 -0
0.149561 15.8565 -0
0.172569 2.43949 -0
0.195577 0.0114854 -0
0.218585 -0.010383 -0
0.241592 0.0310449 -0
0.264598 9.53471 -0
0.287604 33.8685 -0
0.310609 11.6244 -0
0.333613 0.0812104 -0
0.356617 1.31887 -0
0.37962 55.4744 -0
0.402622 115.03 -0
0.425623 22.8217 -0
0.448622 0.0596331 -0
0.471621 -0.0367147 -0
0.494619 4.95339 -0
0.517616 38.7544 -0
0.540611 26.4719 -0
0.563605 1.15277 -0
0.586598 1.11558 -0
0.609589 14.8749 -0
0.632579 22.0831 -0
0.655568 47.2443 -0
0.678555 31.7148 -0
0.70154 7.85867 -0
0.724524 7.28003 -0
0.747506 14.7409 -0
0.770486 59.8552 -0
0.793465 25.0653 -0
0.816441 0.51149 -0
0.839416 2.78911 -0
0.862388 50.1943 -0
0.885359 63.2993 -0
0.908328 55.1884 -0
0.931294 106.746 -0
0.954258 22.2838 -0
0.97722 0.0414402 -0
1.00018 5.9262 -0
1.02314 18.6108 -0
1.04609 5.72559 -0
1.06904 0.739127 -0
1.09199 24.5721 -0
1.11494 96.8624 -0
1.13789 157.176 -0
1.16083 84.4606 -0
1.18377 66.5207 -0
1.2067 39.0794 -0
1.22964 2.50122 -0
1.25257 50.8575 -0
1.2755 124.599 -0
1.29842 71.7037 -0
1.32134 17.2733 -0
1.34426 5.9161 -0
1.36718 75.7777 -0
1.39009 114.911 -0
1.413 54.8921 -0
1.4359 31.4021 -0
1.45881 42.8615 -0
1.48171 25.7636 -0
1.5046 65.4263 -0
1.52749 52.6124 -0
1.55038 5.66481 -0
1.57327 6.42163 -0
1.59615 44.9375 -0
1.61902 75.5296 -0
1.6419 146.905 -0
1.66477 118.438 -0
1.68763 58.3014 -0
1.71049 49.0005 -0
1.73335 21.987 -0
1.75621 72.6345 -0
1.77906 47.776 -0
1.8019 40.1001 -0
1.82474 82.0512 -0
1.84758 28.7354 -0
1.87041 23.1872 -0
1.89324 166.783 -0
1.91606 204.84 -0
1.93888 112.702 -0
1.96169 52.0933 -0
1.9845 70.6193 -0
2.00731 67.986 -0
2.03011 24.5664 -0
2.05291 41.5908 -0
2.0757 34.9428 -0
2.09848 55.6232 -0
2.12126 31.1658 -0
2.14404 63.8437 -0
2.16681 208.721 -0
2.18958 156.825 -0
2.21234 121.823 -0
2.23509 78.1549 -0
2.25784 61.1574 -0
2.28059 56.5232 -0
2.30333 44.3416 -0
2.32606 21.6442 -0
2.34879 17.5281 -0
2.37151 45.9168 -0
2.39423 78.7148 -0
2.41694 227.152 -0
2.43965 295.195 -0
2.46235 173.375 -0
2.48504 131.318 -0
2.50773 64.3653 -0
2.53042 57.2976 -0
2.55309 55.3481 -0
2.57576 35.8329 -0
2.59843 13.9201 -0
2.62109 1.89849 -0
2.64374 4.00006 -0
2.66639 230.018 -0
2.68903 699.063 -0
2.71166 213.049 -0
2.73429 9.88728 -0
2.75691 16.2595 -0
2.77952 36.8588 -0
2.80213 31.7799 -0
2.82473 24.1608 -0
2.84733 55.9792 -0
2.86991 94.7755 -0
2.8925 161.535 -0
2.91507 194.747 -0
2.93764 314.439 -0
2.9602 232.638 -0
2.98275 56.4612 -0
3.0053 32.9635 -0
3.02784 47.3735 -0
3.05037 90.6519 -0
3.0729 128.475 -0
3.09541 150.563 -0
3.11793 125.526 -0
3.14043 130.473 -0
3.16292 211.86 -0
3.18541 247.651 -0
3.20789 353.991 -0
3.23037 236.887 -0
3.25283 91.6723 -0
3.27529 73.8852 -0
3.29774 58.991 -0
3.32019 113.917 -0
3.34262 89.8356 -0
3.36505 153.251 -0
3.38747 204.925 -0
3.40988 108.389 -0
3.43228 105.599 -0
3.45468 242.712 -0
3.47706 166.77 -0
3.49944 58.2974 -0
3.52181 50.6727 -0
3.54418 63.3123 -0
3.56653 105.014 -0
3.58888 79.6556 -0
3.61121 93.0715 -0
3.63354 138.961 -0
3.65586 163.778 -0
3.67817 136.608 -0
3.70048 220.381 -0
3.72277 227.749 -0
3.74506 178.968 -0
3.76733 128.958 -0
3.7896 60.1122 -0
3.81186 101.255 -0
3.83411 160.108 -0
3.85635 131.825 -0
3.87858 220.773 -0
3.9008 133.857 -0
3.92302 169.044 -0
3.94522 288.125 -0
3.96742 301.137 -0
3.9896 202.071 -0
4.01178 112.832 -0
4.03395 86.7319 -0
4.0561 47.5502 -0
4.07825 78.7572 -0
4.10039 78.0357 -0
4.12252 130.053 -0
4.14464 175.444 -0
4.16674 50.3857 -0
4.18884 87.9396 -0
4.21093 211.586 -0
4.23301 234.846 -0
4.25508 170.812 -0
4.27714 87.4121 -0
4.29919 116.367 -0
4.32123 65.133 -0
4.34326 136.541 -0
4.36528 103.821 -0
4.38729 116.125 -0
4.40929 140.437 -0
4.43127 76.3705 -0
4.45325 167.062 -0
4.47522 273.91 -0
4.49717 254.923 -0
4.51912 96.0179 -0
4.54106 79.6986 -0
4.56298 122.479 -0
4.58489 50.1959 -0
4.6068 142.93 -0
4.62869 117.416 -0
4.65057 98.4046 -0
4.67244 137.568 -0
4.6943 76.081 -0
4.71615 189.911 -0
4.73799 383.521 -0
4.75981 242.114 -0
4.78163 30.6932 -0
4.80343 89.9864 -0
4.82522 185.494 -0
4.847 89.9024 -0
4.86877 111.963 -0
4.89053 94.7789 -0
4.91228 122.384 -0
4.93401 188.439 -0
4.95574 140.606 -0
4.97745 193.884 -0
4.99915 228.515 -0
5.02084 85.6605 -0
5.04251 9.94695 -0
5.06418 65.1446 -0
5.08583 140.438 -0
5.10747 96.6611 -0
5.1291 131.192 -0
5.15072 111.429 -0
5.17232 98.7049 -0
5.19391 136.045 -0
5.21549 142.864 -0
5.23706 134.196 -0
5.25862 122.9 -0
5.28016 92.1692 -0
5.30169 19.5158 -0
5.32321 35.6094 -0
5.34472 49.0304 -0
5.36621 44.0777 -0
5.38769 74.1842 -0
5.40916 94.9281 -0
5.43061 114.827 -0
5.45206 167.948 -0
5.47349 84.1182 -0
5.4949 75.3074 -0
5.51631 185.552 -0
5.5377 80.7108 -0
5.55907 27.0822 -0
5.58044 63.545 -0
5.60179 96.6065 -0
5.62313 107.869 -0
5.64445 103.005 -0
5.66577 149.753 -0
5.68706 142.829 -0
5.70835 45.4265 -0
5.72962 6.48853 -0
5.75088 88.0514 -0
5.77212 126.062 -0
5.79335 47.4954 -0
5.81457 43.7099 -0
5.83578 62.6464 -0
5.85697 149.901 -0
5.87814 123.026 -0
5.8993 153.609 -0
5.92045 80.3937 -0
5.94159 37.3621 -0
5.96271 6.50466 -0
5.98381 60.9791 -0
6.00491 123.09 -0
6.02599 58.254 -0
6.04705 102.811 -0
6.0681 85.734 -0
6.08914 140.845 -0
6.11016 120.414 -0
6.13116 92.3434 -0
6.15216 80.1348 -0
6.17313 51.6169 -0
6.1941 9.61996 -0
6.21505 53.8983 -0
6.23598 82.1775 -0
6.2569 81.0038 -0
6.27781 85.6857 -0
6.2987 95.5442 -0
6.31957 99.6217 -0
6.34043 30.9066 -0
6.36128 79.3021 -0
6.38211 74.9569 -0
6.40292 21.5221 -0
6.42372 39.9696 -0
6.44451 101.03 -0
6.46528 87.6973 -0
6.48604 77.4539 -0
6.50678 54.6476 -0
6.5275 64.0426 -0
6.54821 38.7435 -0
6.5689 35.4745 -0
6.58958 73.0308 -0
6.61024 27.5291 -0
6.63089 16.1784 -0
6.65152 54.1888 -0
6.67214 143.004 -0
6.69274 116.196 -0
6.71332 24.2776 -0
6.73389 31.1643 -0
6.75444 18.1296 -0
6.77498 47.7127 -0
6.7955 63.5447 -0
6.81601 23.8256 -0
6.8365 55.6155 -0
6.85697 114.747 -0
6.87743 66.4733 -0
6.89787 18.9907 -0
6.91829 38.6904 -0
6.9387 41.1963 -0
6.95909 33.4561 -0
6.97947 77.9414 -0
6.99982 49.8669 -0
7.02017 53.7807 -0
7.04049 31.9952 -0
7.0608 35.1291 -0
7.0811 42.3516 -0
7.10137 55.6831 -0
7.12163 34.4118 -0
7.14187 47.6127 -0
7.1621 95.1277 -0
7.18231 66.0137 -0
7.2025 19.8235 -0
7.22268 34.8276 -0
7.24283 22.1727 -0
7.26297 20.6945 -0
7.2831 20.4485 -0
7.30321 59.5358 -0
7.3233 75.5552 -0
7.34337 13.6827 -0
7.36342 12.7601 -0
7.38346 25.1199 -0
7.40348 22.1353 -0
7.42348 30.3999 -0
7.44347 59.8919 -0
7.46344 38.3797 -0
7.48339 10.8784 -0
7.50332 10.9089 -0
7.52324 23.1296 -0
7.54313 21.3125 -0
7.56301 34.0009 -0
7.58288 23.5278 -0
7.60272 24.154 -0
7.62255 10.0135 -0
7.64235 12.3074 -0
7.66214 27.5559 -0
7.68192 27.9474 -0
7.70167 7.59323 -0
7.72141 12.3863 -0
7.74112 8.8042 -0
7.76082 13.686 -0
7.78051 12.7305 -0
7.80017 3.60928 -0
7.81981 5.55602 -0
7.83944 8.5167 -0
7.85905 10.0658 -0
7.87864 5.66925 -0
7.89821 8.06137 -0
7.91776 14.7127 -0
7.93729 7.66765 -0
7.95681 3.06459 -0
7.97631 6.02112 -0
7.99578 4.00134 -0
8.01524 4.03826 -0
8.03468 4.33288 -0
8.0541 1.29579 -0
8.0735 0.568399 -0
8.09289 0.133866 -0
8.11225 0.00754932 -0
8.1316 0.00016899 -0
8.15092 -0.000129553 -0
8.17023 -0.000335452 -0
8.18952 -0.000451547 -0
8.20878 -0.000517843 -0
8.22803 -0.000560682 -0
8.24726 -0.000584251 -0
8.26647 -0.000599473 -0
8.28566 -0.000606331 -0
8.30483 -0.000609811 -0
8.32399 -0.000609303 -0
8.34312 -0.000607355 -0
8.36223 -0.000603379 -0
8.38132 -0.000598804 -0
8.40039 -0.000593158 -0
8.41945 -0.000587306 -0
8.43848 -0.000580884 -0
8.45749 -0.000574446 -0
8.47649 -0.000567714 -0
8.49546 -0.000561061 -0
8.51442 -0.00055427 -0
8.53335 -0.000547604 -0
8.55226 -0.000540893 -0
8.57116 -0.000534328 -0
8.59003 -0.000527773 -0
8.60888 -0.000521371 -0
8.62771 -0.000515013 -0
8.64653 -0.000508807 -0
8.66532 -0.000502664 -0
8.68409 -0.00049667 -0
8.70284 -0.00049075 -0
8.72157 -0.000484972 -0
8.74028 -0.000479276 -0
8.75897 -0.000473714 -0
8.77764 -0.000468236 -0
8.79629 -0.000462885 -0
8.81492 -0.000457619 -0
8.83352 -0.000452472 -0
8.85211 -0.000447409 -0
8.87068 -0.000442459 -0
8.88922 -0.000437591 -0
8.90774 -0.000432829 -0
8.92625 -0.000428146 -0
8.94473 -0.000423563 -0
8.96319 -0.000419056 -0
8.98163 -0.000414644 -0
9.00005 -0.000410305 -0
9.01844 -0.000406055 -0
9.03682 -0.000401875 -0
9.05517 -0.000397778 -0
9.07351 -0.000393749 -0
9.09182 -0.000389799 -0
9.11011 -0.000385914 -0
9.12838 -0.000382102 -0
9.14663 -0.000378353 -0
9.16485 -0.000374674 -0
9.18306 -0.000371053 -0
9.20124 -0.000367499 -0
9.2194 -0.000364002 -0
9.23754 -0.000360567 -0
9.25566 -0.000357186 -0
9.27375 -0.000353865 -0
9.29183 -0.000350595 -0
9.30988 -0.000347381 -0
9.32791 -0.000344217 -0
9.34592 -0.000341106 -0
9.36391 -0.000338042 -0
9.38187 -0.000335029 -0
9.39981 -0.00033206 -0
9.41773 -0.00032914 -0
9.43563 -0.000326263 -0
9.45351 -0.000323432 -0
9.47136 -0.000320642 -0
9.48919 -0.000317896 -0
9.507 -0.000315189 -0
9.52479 -0.000312524 -0
9.54255 -0.000309896 -0
9.5603 -0.000307309 -0
9.57802 -0.000304757 -0
9.59571 -0.000302243 -0
9.61339 -0.000299764 -0
9.63104 -0.000297321 -0
9.64867 -0.000294911 -0
9.66627 -0.000292535 -0
9.68386 -0.000290192 -0
9.70142 -0.000287882 -0
9.71896 -0.000285602 -0
9.73647 -0.000283353 -0
9.75396 -0.000281134 -0
9.77143 -0.000278946 -0
9.78888 -0.000276785 -0
9.8063 -0.000274654 -0
9.8237 -0.000272549 -0
9.84108 -0.000270473 -0
9.85843 -0.000268422 -0
9.87576 -0.000266398 -0
9.89307 -0.000264399 -0
9.91035 -0.000262426 -0
9.92762 -0.000260477 -0
9.94485 -0.000258552 -0
9.96207 -0.000256651 -0
9.97926 -0.000254773 -0
9.99642 -0.000252917 -0
10.0136 -0.000251085 -0
10.0307 -0.000249273 -0
10.0478 -0.000247484 -0
10.0649 -0.000245715 -0
10.0819 -0.000243968 -0
10.0989 -0.00024224 -0
10.1159 -0.000240533 -0
10.1329 -0.000238844 -0
10.1499 -0.000237176 -0
10.1668 -0.000235526 -0
10.1837 -0.000233894 -0
10.2006 -0.000232281 -0
10.2174 -0.000230686 -0
10.2343 -0.000229108 -0
10.2511 -0.000227547 -0
10.2679 -0.000226004 -0
10.2846 -0.000224477 -0
10.3014 -0.000222966 -0
10.3181 -0.000221472 -0
10.3348 -0.000219993 -0
10.3514 -0.00021853 -0
10.3681 -0.000217082 -0
10.3847 -0.000215649 -0
10.4013 -0.000214231 -0
10.4179 -0.000212828 -0
10.4344 -0.000211439 -0
10.4509 -0.000210064 -0
10.4674 -0.000208702 -0
10.4839 -0.000207355 -0
10.5003 -0.00020602 -0
10.5167 -0.000204699 -0
10.5331 -0.000203391 -0
10.5495 -0.000202095 -0
10.5658 -0.000200812 -0
10.5822 -0.000199542 -0
10.5985 -0.000198284 -0
10.6147 -0.000197037 -0
10.631 -0.000195803 -0
10.6472 -0.00019458 -0
10.6634 -0.000193368 -0
10.6796 -0.000192168 -0
10.6957 -0.000190978 -0
10.7118 -0.0001898 -0
10.7279 -0.000188632 -0
10.744 -0.000187475 -0
10.76 -0.000186329 -0
10.7761 -0.000185193 -0
10.7921 -0.000184066 -0
10.808 -0.00018295 -0
10.824 -0.000181844 -0
10.8399 -0.000180747 -0
10.8558 -0.00017966 -0
10.8716 -0.000178582 -0
10.8875 -0.000177513 -0
10.9033 -0.000176454 -0
10.9191 -0.000175404 -0
10.9348 -0.000174362 -0
10.9506 -0.000173329 -0
10.9663 -0.000172305 -0
10.982 -0.000171289 -0
10.9976 -0.000170282 -0
11.0133 -0.000169283 -0
11.0289 -0.000168293 -0
11.0445 -0.00016731 -0
11.06 -0.000166335 -0
11.0756 -0.000165368 -0
11.0911 -0.000164409 -0
11.1065 -0.000163457 -0
11.122 -0.000162513 -0
11.1374 -0.000161576 -0
11.1528 -0.000160647 -0
11.1682 -0.000159724 -0
11.1835 -0.000158809 -0
11.1989 -0.000157901 -0
11.2142 -0.000157 -0
11.2294 -0.000156106 -0
11.2447 -0.000155219 -0
11.2599 -0.000154338 -0
11.2751 -0.000153463 -0
11.2902 -0.000152596 -0
11.3054 -0.000151734 -0
11.3205 -0.000150879 -0
11.3356 -0.000150031 -0
11.3506 -0.000149188 -0
11.3656 -0.000148351 -0
11.3806 -0.000147521 -0
11.3956 -0.000146697 -0
11.4106 -0.000145878 -0
11.4255 -0.000145065 -0
11.4404 -0.000144258 -0
11.4553 -0.000143456 -0
11.4701 -0.00014266 -0
11.4849 -0.00014187 -0
11.4997 -0.000141085 -0
11.5145 -0.000140306 -0
11.5292 -0.000139531 -0
11.5439 -0.000138763 -0
11.5586 -0.000137999 -0
11.5732 -0.00013724 -0
11.5879 -0.000136487 -0
11.6025 -0.000135738 -0
11.617 -0.000134994 -0
11.6316 -0.000134256 -0
11.6461 -0.000133522 -0
11.6606 -0.000132793 -0
11.675 -0.000132068 -0
11.6895 -0.000131349 -0
11.7039 -0.000130634 -0
11.7182 -0.000129923 -0
11.7326 -0.000129217 -0
11.7469 -0.000128516 -0
11.7612 -0.000127818 -0
11.7755 -0.000127126 -0
11.7897 -0.000126437 -0
11.8039 -0.000125753 -0
11.8181 -0.000125073 -0
11.8323 -0.000124397 -0
11.8464 -0.000123725 -0
11.8605 -0.000123058 -0
11.8746 -0.000122394 -0
11.8886 -0.000121735 -0
11.9026 -0.000121079 -0
11.9166 -0.000120427 -0
11.9306 -0.000119779 -0
11.9445 -0.000119135 -0
11.9584 -0.000118495 -0
11.9723 -0.000117858 -0
11.9861 -0.000117225 -0
12 -0.000116596 -0
12.0138 -0.00011597 -0
12.0275 -0.000115348 -0
12.0413 -0.000114729 -0
12.055 -0.000114114 -0
12.0686 -0.000113503 -0
12.0823 -0.000112895 -0
12.0959 -0.00011229 -0
12.1095 -0.000111688 -0
12.1231 -0.00011109 -0
12.1366 -0.000110495 -0
12.1501 -0.000109904 -0
12.1636 -0.000109315 -0
12.177 -0.00010873 -0
12.1905 -0.000108148 -0
12.2039 -0.000107569 -0
12.2172 -0.000106993 -0
12.2306 -0.00010642 -0
12.2439 -0.000105851 -0
12.2571 -0.000105284 -0
12.2704 -0.00010472 -0
12.2836 -0.000104159 -0
12.2968 -0.000103601 -0
12.31 -0.000103046 -0
12.3231 -0.000102494 -0
12.3362 -0.000101944 -0
12.3493 -0.000101398 -0
12.3623 -0.000100854 -0
12.3753 -0.000100313 -0
12.3883 -9.97741e-05 -0
12.4013 -9.92384e-05 -0
12.4142 -9.87052e-05 -0
12.4271 -9.81747e-05 -0
12.44 -9.76468e-05 -0
12.4528 -9.71215e-05 -0
12.4656 -9.65988e-05 -0
12.4784 -9.60785e-05 -0
12.4912 -9.55608e-05 -0
12.5039 -9.50456e-05 -0
12.5166 -9.45327e-05 -0
12.5293 -9.40224e-05 -0
12.5419 -9.35144e-05 -0
12.5545 -9.30089e-05 -0
12.5671 -9.25057e-05 -0
12.5796 -9.20048e-05 -0
12.5922 -9.15063e-05 -0
12.6046 -9.10101e-05 -0
12.6171 -9.05161e-05 -0
12.6295 -9.00244e-05 -0
12.6419 -8.95349e-05 -0
12.6543 -8.90477e-05 -0
12.6666 -8.85626e-05 -0
12.679 -8.80797e-05 -0
12.6912 -8.7599e-05 -0
12.7035 -8.71204e-05 -0
12.7157 -8.66439e-05 -0
12.7279 -8.61695e-05 -0
12.7401 -8.56972e-05 -0
12.7522 -8.52269e-05 -0
12.7643 -8.47587e-05 -0
12.7764 -8.42925e-05 -0
12.7884 -8.38283e-05 -0
12.8004 -8.33661e-05 -0
12.8124 -8.29058e-05 -0
12.8243 -8.24475e-05 -0
12.8363 -8.19911e-05 -0
12.8482 -8.15367e-05 -0
12.86 -8.10841e-05 -0
12.8718 -8.06334e-05 -0
12.8836 -8.01846e-05 -0
12.8954 -7.97376e-05 -0
12.9071 -7.92925e-05 -0
12.9189 -7.88491e-05 -0
12.9305 -7.84076e-05 -0
12.9422 -7.79678e-05 -0
12.9538 -7.75298e-05 -0
12.9654 -7.70936e-05 -0
12.9769 -7.66591e-05 -0
12.9885 -7.62263e-05 -0
13 -7.57952e-05 -0
13.0114 -7.53658e-05 -0
13.0229 -7.49381e-05 -0
13.0343 -7.45121e-05 -0
13.0456 -7.40876e-05 -0
13.057 -7.36649e-05 -0
13.0683 -7.32437e-05 -0
13.0796 -7.28242e-05 -0
13.0908 -7.24062e-05 -0
13.102 -7.19899e-05 -0
13.1132 -7.1575e-05 -0
13.1244 -7.11618e-05 -0
13.1355 -7.075e-05 -0
13.1466 -7.03399e-05 -0
13.1577 -6.99312e-05 -0
13.1687 -6.9524e-05 -0
13.1797 -6.91183e-05 -0
13.1907 -6.87141e-05 -0
13.2016 -6.83113e-05 -0
13.2125 -6.791e-05 -0
13.2234 -6.75101e-05 -0
13.2342 -6.71117e-05 -0
13.2451 -6.67146e-05 -0
13.2558 -6.6319e-05 -0
13.2666 -6.59248e-05 -0
13.2773 -6.55319e-05 -0
13.288 -6.51404e-05 -0
13.2987 -6.47503e-05 -0
13.3093 -6.43615e-05 -0
13.3199 -6.3974e-05 -0
13.3305 -6.35879e-05 -0
13.341 -6.32031e-05 -0
13.3515 -6.28195e-05 -0
13.362 -6.24373e-05 -0
13.3724 -6.20564e-05 -0
13.3828 -6.16767e-05 -0
13.3932 -6.12983e-05 -0
13.4035 -6.09211e-05 -0
13.4138 -6.05452e-05 -0
13.4241 -6.01705e-05 -0
13.4344 -5.9797e-05 -0
13.4446 -5.94247e-05 -0
13.4548 -5.90536e-05 -0
13.4649 -5.86838e-05 -0
13.4751 -5.83151e-05 -0
13.4852 -5.79476e-05 -0
13.4952 -5.75812e-05 -0
13.5052 -5.7216e-05 -0
13.5152 -5.68519e-05 -0
13.5252 -5.6489e-05 -0
13.5351 -5.61272e-05 -0
13.545 -5.57665e-05 -0
13.5549 -5.54069e-05 -0
13.5648 -5.50484e-05 -0
13.5746 -5.4691e-05 -0
13.5843 -5.43347e-05 -0
13.5941 -5.39794e-05 -0
13.6038 -5.36253e-05 -0
13.6135 -5.32721e-05 -0
13.6231 -5.29201e-05 -0
13.6327 -5.2569e-05 -0
13.6423 -5.2219e-05 -0
13.6519 -5.18701e-05 -0
13.6614 -5.15221e-05 -0
13.6709 -5.11751e-05 -0
13.6803 -5.08292e-05 -0
13.6897 -5.04842e-05 -0
13.6991 -5.01402e-05 -0
13.7085 -4.97972e-05 -0
13.7178 -4.94552e-05 -0
13.7271 -4.91141e-05 -0
13.7364 -4.8774e-05 -0
13.7456 -4.84348e-05 -0
13.7548 -4.80966e-05 -0
13.7639 -4.77593e-05 -0
13.7731 -4.74229e-05 -0
13.7822 -4.70874e-05 -0
13.7912 -4.67529e-05 -0
13.8003 -4.64192e-05 -0
13.8093 -4.60865e-05 -0
13.8182 -4.57546e-05 -0
13.8272 -4.54236e-05 -0
13.8361 -4.50935e-05 -0
13.8449 -4.47643e-05 -0
13.8538 -4.44359e-05 -0
13.8626 -4.41083e-05 -0
13.8714 -4.37817e-05 -0
13.8801 -4.34558e-05 -0
13.8888 -4.31308e-05 -0
13.8975 -4.28067e-05 -0
13.9061 -4.24833e-05 -0
13.9147 -4.21608e-05 -0
13.9233 -4.18391e-05 -0
13.9319 -4.15181e-05 -0
13.9404 -4.1198e-05 -0
13.9488 -4.08787e-05 -0
13.9573 -4.05601e-05 -0
13.9657 -4.02424e-05 -0
13.9741 -3.99254e-05 -0
13.9824 -3.96092e-05 -0
13.9907 -3.92937e-05 -0
13.999 -3.8979e-05 -0
14.0073 -3.8665e-05 -0
14.0155 -3.83518e-05 -0
14.0237 -3.80394e-05 -0
14.0318 -3.77276e-05 -0
14.0399 -3.74166e-05 -0
14.048 -3.71063e-05 -0
14.0561 -3.67968e-05 -0
14.0641 -3.64879e-05 -0
14.0721 -3.61797e-05 -0
14.08 -3.58723e-05 -0
14.0879 -3.55655e-05 -0
14.0958 -3.52595e-05 -0
14.1037 -3.49541e-05 -0
14.1115 -3.46494e-05 -0
14.1193 -3.43453e-05 -0
14.127 -3.4042e-05 -0
14.1348 -3.37392e-05 -0
14.1424 -3.34372e-05 -0
14.1501 -3.31358e-05 -0
14.1577 -3.28351e-05 -0
14.1653 -3.25349e-05 -0
14.1728 -3.22355e-05 -0
14.1804 -3.19367e-05 -0
14.1878 -3.16385e-05 -0
14.1953 -3.13409e-05 -0
14.2027 -3.10439e-05 -0
14.2101 -3.07476e-05 -0
14.2175 -3.04518e-05 -0
14.2248 -3.01567e-05 -0
14.2321 -2.98622e-05 -0
14.2393 -2.95682e-05 -0
14.2465 -2.92749e-05 -0
14.2537 -2.89821e-05 -0
14.2609 -2.86899e-05 -0
14.268 -2.83983e-05 -0
14.2751 -2.81073e-05 -0
14.2821 -2.78168e-05 -0
14.2891 -2.75269e-05 -0
14.2961 -2.72376e-05 -0
14.3031 -2.69488e-05 -0
14.31 -2.66606e-05 -0
14.3169 -2.63729e-05 -0
14.3237 -2.60857e-05 -0
14.3305 -2.57991e-05 -0
14.3373 -2.55131e-05 -0
14.344 -2.52275e-05 -0
14.3508 -2.49425e-05 -0
14.3574 -2.4658e-05 -0
14.3641 -2.4374e-05 -0
14.3707 -2.40906e-05 -0
14.3773 -2.38076e-05 -0
14.3838 -2.35251e-05 -0
14.3903 -2.32432e-05 -0
14.3968 -2.29617e-05 -0
14.4032 -2.26808e-05 -0
14.4097 -2.24003e-05 -0
14.416 -2.21203e-05 -0
14.4224 -2.18408e-05 -0
14.4287 -2.15618e-05 -0
14.435 -2.12832e-05 -0
14.4412 -2.10051e-05 -0
14.4474 -2.07275e-05 -0
14.4536 -2.04503e-05 -0
14.4597 -2.01736e-05 -0
14.4658 -1.98974e-05 -0
14.4719 -1.96216e-05 -0
14.4779 -1.93462e-05 -0
14.4839 -1.90713e-05 -0
14.4899 -1.87969e-05 -0
14.4958 -1.85228e-05 -0
14.5017 -1.82492e-05 -0
14.5076 -1.79761e-05 -0
14.5134 -1.77033e-05 -0
14.5192 -1.7431e-05 -0
14.525 -1.71591e-05 -0
14.5307 -1.68876e-05 -0
14.5364 -1.66166e-05 -0
14.542 -1.63459e-05 -0
14.5477 -1.60756e-05 -0
14.5533 -1.58058e-05 -0
14.5588 -1.55363e-05 -0
14.5643 -1.52673e-05 -0
14.5698 -1.49986e-05 -0
14.5753 -1.47303e-05 -0
14.5807 -1.44624e-05 -0
14.5861 -1.41949e-05 -0
14.5914 -1.39278e-05 -0
14.5968 -1.3661e-05 -0
14.602 -1.33946e-05 -0
14.6073 -1.31286e-05 -0
14.6125 -1.28629e-05 -0
14.6177 -1.25976e-05 -0
14.6228 -1.23327e-05 -0
14.6279 -1.20681e-05 -0
14.633 -1.18039e-05 -0
14.638 -1.154e-05 -0
14.6431 -1.12765e-05 -0
14.648 -1.10133e-05 -0
14.653 -1.07504e-05 -0
14.6579 -1.0488e-05 -0
14.6627 -1.02258e-05 -0
14.6676 -9.96393e-06 -0
14.6724 -9.7024e-06 -0
14.6771 -9.44123e-06 -0
14.6819 -9.18034e-06 -0
14.6866 -8.91981e-06 -0
14.6912 -8.65956e-06 -0
14.6959 -8.39966e-06 -0
14.7004 -8.14004e-06 -0
14.705 -7.88076e-06 -0
14.7095 -7.62174e-06 -0
14.714 -7.36307e-06 -0
14.7185 -7.10466e-06 -0
14.7229 -6.84657e-06 -0
14.7273 -6.58875e-06 -0
14.7316 -6.33126e-06 -0
14.7359 -6.07401e-06 -0
14.7402 -5.81709e-06 -0
14.7445 -5.56041e-06 -0
14.7487 -5.30405e-06 -0
14.7529 -5.04792e-06 -0
14.757 -4.79211e-06 -0
14.7611 -4.53653e-06 -0
14.7652 -4.28126e-06 -0
14.7692 -4.02622e-06 -0
14.7732 -3.77148e-06 -0
14.7772 -3.51695e-06 -0
14.7811 -3.26273e-06 -0
14.785 -3.00872e-06 -0
14.7889 -2.755e-06 -0
14.7927 -2.50149e-06 -0
14.7965 -2.24827e-06 -0
14.8003 -1.99525e-06 -0
14.804 -1.74252e-06 -0
14.8077 -1.48998e-06 -0
14.8113 -1.23772e-06 -0
14.815 -9.85651e-07 -0
14.8186 -7.33859e-07 -0
14.8221 -4.82248e-07 -0
14.8256 -2.30912e-07 -0
14.8291 2.02505e-08 -0
14.8325 2.71141e-07 -0
14.836 5.21865e-07 -0
14.8393 7.72321e-07 -0
14.8427 1.02262e-06 -0
14.846 1.27265e-06 -0
14.8493 1.52252e-06 -0
14.8525 1.77214e-06 -0
14.8557 2.02161e-06 -0
14.8589 2.27082e-06 -0
14.862 2.51989e-06 -0
14.8651 2.7687e-06 -0
14.8681 3.01738e-06 -0
14.8712 3.26581e-06 -0
14.8742 3.51411e-06 -0
14.8771 3.76217e-06 -0
14.88 4.0101e-06 -0
14.8829 4.25778e-06 -0
14.8858 4.50536e-06 -0
14.8886 4.75269e-06 -0
14.8914 4.99991e-06 -0
14.8941 5.24689e-06 -0
14.8968 5.49378e-06 -0
14.8995 5.74042e-06 -0
14.9022 5.98697e-06 -0
14.9048 6.23328e-06 -0
14.9073 6.47952e-06 -0
14.9099 6.72551e-06 -0
14.9124 6.97143e-06 -0
14.9148 7.21711e-06 -0
14.9173 7.46273e-06 -0
14.9197 7.70811e-06 -0
14.922 7.95344e-06 -0
14.9243 8.19853e-06 -0
14.9266 8.44357e-06 -0
14.9289 8.68837e-06 -0
14.9311 8.93314e-06 -0
14.9333 9.17767e-06 -0
14.9354 9.42218e-06 -0
14.9376 9.66644e-06 -0
14.9396 9.91069e-06 -0
14.9417 1.01547e-05 -0
14.9437 1.03987e-05 -0
14.9457 1.06424e-05 -0
14.9476 1.08862e-05 -0
14.9495 1.11297e-05 -0
14.9514 1.13733e-05 -0
14.9532 1.16165e-05 -0
14.955 1.18599e-05 -0
14.9568 1.21029e-05 -0
14.9585 1.2346e-05 -0
14.9602 1.25889e-05 -0
14.9619 1.28318e-05 -0
14.9635 1.30744e-05 -0
14.9651 1.33171e-05 -0
14.9666 1.35595e-05 -0
14.9681 1.38021e-05 -0
14.9696 1.40443e-05 -0
14.9711 1.42867e-05 -0
14.9725 1.45287e-05 -0
14.9738 1.47709e-05 -0
14.9752 1.50128e-05 -0
14.9765 1.52548e-05 -0
14.9778 1.54965e-05 -0
14.979 1.57384e-05 -0
14.9802 1.59799e-05 -0
14.9814 1.62217e-05 -0
14.9825 1.6463e-05 -0
14.9836 1.67046e-05 -0
14.9846 1.69458e-05 -0
14.9857 1.71873e-05 -0
14.9867 1.74283e-05 -0
14.9876 1.76697e-05 -0
14.9885 1.79105e-05 -0
14.9894 1.81518e-05 -0
14.9903 1.83924e-05 -0
14.9911 1.86336e-05 -0
14.9918 1.8874e-05 -0
14.9926 1.91152e-05 -0
14.9933 1.93553e-05 -0
14.994 1.95964e-05 -0
14.9946 1.98362e-05 -0
14.9952 2.00771e-05 -0
14.9958 2.03165e-05 -0
14.9963 2.05573e-05 -0
14.9968 2.07961e-05 -0
14.9972 2.10367e-05 -0
14.9977 2.12744e-05 -0
14.9981 2.15146e-05 -0
14.9984 2.17504e-05 -0
14.9987 2.19896e-05 -0
14.999 2.22212e-05 -0
14.9993 2.24572e-05 -0
14.9995 2.26771e-05 -0
14.9996 2.29e-05 -0
14.9998 2.30687e-05 -0
14.9999 2.31834e-05 -0
15 2.26172e-05 -0
15 4.27695e-06 -0
