  0.00358821
 7.20402e-05
  3.5389e-05
 1.99074e-05
 1.62611e-05
 1.24523e-05
 1.08691e-05
 9.14002e-06
  8.2251e-06
  7.2354e-06
 6.63628e-06
 5.99519e-06
 5.57233e-06
 5.12352e-06
 4.80939e-06
 4.47793e-06
 4.23567e-06
 3.98111e-06
 3.78886e-06
 3.58744e-06
 3.43139e-06
 3.26824e-06
 3.13924e-06
 3.00455e-06
  2.8963e-06
 2.78337e-06
 2.69138e-06
 2.59546e-06
 2.51647e-06
  2.4341e-06
 2.36565e-06
 2.29425e-06
 2.23448e-06
 2.17211e-06
 2.11957e-06
 2.06469e-06
 2.01824e-06
 1.96968e-06
 1.92841e-06
 1.88522e-06
  1.8484e-06
  1.8098e-06
 1.77683e-06
 1.74221e-06
  1.7126e-06
 1.68145e-06
 1.65479e-06
 1.62667e-06
 1.60262e-06
 1.57719e-06
 1.55546e-06
 1.53242e-06
 1.51276e-06
 1.49185e-06
 1.47406e-06
 1.45507e-06
 1.43896e-06
 1.42171e-06
 1.40714e-06
 1.39145e-06
 1.37829e-06
 1.36404e-06
 1.35216e-06
 1.33924e-06
 1.32855e-06
 1.31683e-06
 1.30725e-06
 1.29666e-06
  1.2881e-06
 1.27856e-06
 1.27096e-06
  1.2624e-06
  1.2557e-06
 1.24806e-06
 1.24221e-06
 1.23544e-06
 1.23041e-06
 1.22445e-06
 1.22019e-06
 1.21502e-06
  1.2115e-06
 1.20707e-06
 1.20427e-06
 1.20055e-06
 1.19844e-06
 1.19542e-06
 1.19398e-06
 1.19162e-06
 1.19083e-06
 1.18913e-06
 1.18899e-06
 1.18792e-06
  1.1884e-06
 1.18796e-06
 1.18907e-06
 1.18923e-06
 1.19096e-06
 1.19173e-06
 1.19408e-06
 1.19545e-06
 1.19841e-06
 1.20037e-06
 1.20395e-06
 1.20651e-06
  1.2107e-06
 1.21385e-06
 1.21867e-06
 1.22241e-06
 1.22785e-06
 1.23218e-06
 1.23826e-06
 1.24318e-06
 1.24989e-06
  1.2554e-06
 1.26274e-06
 1.26884e-06
 1.27683e-06
 1.28351e-06
 1.29213e-06
 1.29938e-06
 1.30864e-06
 1.31644e-06
 1.32633e-06
 1.33465e-06
 1.34514e-06
 1.35395e-06
   1.365e-06
 1.37425e-06
 1.38581e-06
 1.39541e-06
 1.40742e-06
 1.41727e-06
  1.4296e-06
 1.43954e-06
 1.45204e-06
 1.46188e-06
 1.47431e-06
 1.48376e-06
 1.49583e-06
  1.5045e-06
 1.51576e-06
 1.52312e-06
 1.53296e-06
 1.53826e-06
 1.54583e-06
 1.54805e-06
 1.55215e-06
 1.54983e-06
 1.54877e-06
 1.53988e-06
 1.53121e-06
 1.51283e-06
 1.49303e-06
 1.46091e-06
 1.42479e-06
  1.3727e-06
 1.31249e-06
 1.23107e-06
 1.13492e-06
 1.00975e-06
 8.59126e-07
  6.6746e-07
 4.32501e-07
 1.37268e-07
-2.31826e-07
-6.93429e-07
 -1.2833e-06
-2.02275e-06
-2.99215e-06
-4.21905e-06
-5.87837e-06
-8.01644e-06
-1.10251e-05
-1.50148e-05
-2.09369e-05
-2.91432e-05
   -4.23e-05
-6.18131e-05
-9.72061e-05
-0.000155771
 -0.00029021
-0.000558515
 -0.00168328
-0.000308987
   0.0166944
   0.0214212
   -0.104594
    0.109203
    0.215875
    0.221112
   0.0623397
   0.0921034
   0.0185309
   0.0959553
    -1.17984
   -0.119413
   -0.303174
   -0.858782
     1.07416
     1.50237
   -0.262674
  -0.0883052
   -0.897747
   -0.125464
     1.33116
   -0.673025
   -0.844064
       1.166
    -1.03443
    -1.08032
     1.07719
    0.192343
   -0.903236
     0.73125
   0.0458028
     2.13938
   -0.456725
    -2.24394
    -0.36233
    -1.50356
     1.26139
     4.50513
   -0.261432
    -2.85236
    -2.37019
     2.07018
     3.74467
    -1.37525
    -1.47911
     0.32034
    -2.50664
    -2.46995
     2.54095
     1.00565
    0.508248
    0.221339
     1.94861
    -1.22911
     1.67899
    0.604552
    -2.30728
    -2.99311
     2.68743
     1.44986
   -0.973475
    0.997803
    -3.41073
    0.291423
     1.03155
    0.706397
    0.340564
     2.07477
     1.51831
    -3.26966
     1.22725
   -0.777294
    -4.43282
     2.32323
     3.19574
     3.74461
    -4.08962
    -1.79739
    0.747832
    0.676568
    0.232824
    -1.03655
    -1.23322
     2.07355
    -1.23126
    -4.46595
     1.42209
      2.7972
    -2.45577
    -1.70119
     2.34963
      2.1436
    0.378281
   -0.837074
    0.125523
    -1.03329
    -1.89859
     1.89046
    0.155131
    0.569991
   0.0945193
    0.395891
    0.441161
    -1.27499
    0.260646
    0.866533
   -0.350286
   -0.233566
   -0.298796
    0.447569
     1.17215
    -1.10161
    -0.56485
   -0.122867
   -0.774015
    0.239739
    0.492081
    -0.39733
   -0.685609
    0.577716
   -0.143879
   -0.812661
   -0.621915
     1.01795
      1.0993
     1.58817
    0.377214
   -0.799911
    0.235401
    0.525665
   -0.659505
    0.503823
     -1.8576
    0.683336
    0.693152
   -0.185792
     3.14505
    0.114411
    -2.01648
    -1.28386
     3.83059
    -4.18736
     -2.4353
     1.47538
     3.68867
    -1.53796
    -3.89015
    0.937857
     1.55658
    0.221688
   -0.344429
    0.421557
   -0.325899
    -1.77689
    -1.60171
     4.84948
    0.270724
    -2.58306
  -0.0968217
    -3.79082
     1.69986
     4.00534
   -0.290935
    -3.81849
   0.0750352
      1.8342
   -0.549198
     4.80254
    -1.36159
    -4.47184
     1.30812
    0.266968
    0.841954
    -2.83252
     2.60898
    -6.03046
    -1.56576
    0.555077
      3.9452
    0.587125
   -0.700708
      3.4945
     3.12807
     2.34176
    -4.30116
    -1.96137
   -0.881777
    -2.79789
     6.21373
     4.39823
    -3.69793
    -2.09862
    -1.02725
    0.284906
     1.28649
    -2.65655
     4.60845
   0.0653076
    -1.66136
    -0.84246
    -1.06921
     2.67227
     3.39231
    -4.69246
    -4.29845
   -0.994982
     1.19252
     4.60728
    -4.73727
   -0.569526
     2.74951
     7.51415
   -0.137354
    -4.56443
    -1.15651
     2.94119
     4.22906
    -5.16569
   -0.516639
     2.93591
    -2.99011
    0.299066
      3.1813
    0.781522
      3.0158
    -8.08053
    -3.19192
     3.00581
     2.35495
    -4.56964
    -4.62462
     7.79635
    -1.58265
    -2.39939
    0.831874
   -0.179034
     3.41698
    -1.69459
    -1.87036
    -1.98095
    -5.77333
     6.86287
     3.61576
    -4.34467
     -1.6294
     4.91697
     1.74175
    0.436737
    -2.24206
     1.61709
    0.996619
    -1.76428
     2.33959
    -2.00534
    -2.35111
     1.53541
    0.183642
    -1.37123
  -0.0299743
    0.773548
   0.0932365
    0.324053
   -0.363372
   -0.283239
    0.164752
   0.0545629
   0.0189722
  0.00730962
  0.00344821
  0.00217949
  0.00137488
 0.000999432
 0.000716201
 0.000558874
 0.000431313
 0.000351865
 0.000285371
 0.000240206
 0.000202004
 0.000174118
 0.000150601
 0.000132294
 0.000117063
 0.000104462
 9.42184e-05
 8.52129e-05
 7.81339e-05
 7.14992e-05
 6.65199e-05
 6.15096e-05
 5.79804e-05
 5.41209e-05
 5.16319e-05
 4.86123e-05
 4.68992e-05
 4.45102e-05
 4.34006e-05
 4.14984e-05
 4.08816e-05
 3.93661e-05
 3.91751e-05
  3.7977e-05
 3.81786e-05
 3.72507e-05
 3.78416e-05
  3.7154e-05
 3.81618e-05
 3.76987e-05
 3.91881e-05
  3.8947e-05
 4.10352e-05
 4.10265e-05
 4.39138e-05
 4.41611e-05
 4.81928e-05
 4.87304e-05
 5.45329e-05
 5.53857e-05
  6.4194e-05
  6.5271e-05
 7.98443e-05
 8.03263e-05
 0.000108087
  0.00010157
 0.000168505
    5.79e-05
 0.000110666
  -0.0639465